participant_id,model_name,parameterization,bound_settings,algorithm,iter,fun_val
23,DFT_CRT,value_scaling_t0,wide,DEoptim,1,965.0053438590313
23,DFT_CRT,value_scaling_t0,wide,DEoptim,2,461.9945323154336
23,DFT_CRT,value_scaling_t0,wide,DEoptim,3,405.9793511342349
23,DFT_CRT,value_scaling_t0,wide,DEoptim,4,405.9793511342349
23,DFT_CRT,value_scaling_t0,wide,DEoptim,5,405.9793511342349
23,DFT_CRT,value_scaling_t0,wide,DEoptim,6,403.5441196068499
23,DFT_CRT,value_scaling_t0,wide,DEoptim,7,403.5441196068499
23,DFT_CRT,value_scaling_t0,wide,DEoptim,8,376.5442315247601
23,DFT_CRT,value_scaling_t0,wide,DEoptim,9,376.5442315247601
23,DFT_CRT,value_scaling_t0,wide,DEoptim,10,311.2710088720243
23,DFT_CRT,value_scaling_t0,wide,DEoptim,11,311.2710088720243
23,DFT_CRT,value_scaling_t0,wide,DEoptim,12,311.2710088720243
23,DFT_CRT,value_scaling_t0,wide,DEoptim,13,311.2710088720243
23,DFT_CRT,value_scaling_t0,wide,DEoptim,14,311.2710088720243
23,DFT_CRT,value_scaling_t0,wide,DEoptim,15,311.1924094748743
23,DFT_CRT,value_scaling_t0,wide,DEoptim,16,311.1924094748743
23,DFT_CRT,value_scaling_t0,wide,DEoptim,17,295.1436797974802
23,DFT_CRT,value_scaling_t0,wide,DEoptim,18,295.1436797974802
23,DFT_CRT,value_scaling_t0,wide,DEoptim,19,295.1436797974802
23,DFT_CRT,value_scaling_t0,wide,DEoptim,20,281.2960725235109
23,DFT_CRT,value_scaling_t0,wide,DEoptim,21,268.8158808275273
23,DFT_CRT,value_scaling_t0,wide,DEoptim,22,268.8158808275273
23,DFT_CRT,value_scaling_t0,wide,DEoptim,23,268.8158808275273
23,DFT_CRT,value_scaling_t0,wide,DEoptim,24,266.70449389551453
23,DFT_CRT,value_scaling_t0,wide,DEoptim,25,266.70449389551453
23,DFT_CRT,value_scaling_t0,wide,DEoptim,26,266.70449389551453
23,DFT_CRT,value_scaling_t0,wide,DEoptim,27,266.70449389551453
23,DFT_CRT,value_scaling_t0,wide,DEoptim,28,266.70449389551453
23,DFT_CRT,value_scaling_t0,wide,DEoptim,29,266.70449389551453
23,DFT_CRT,value_scaling_t0,wide,DEoptim,30,266.70449389551453
23,DFT_CRT,value_scaling_t0,wide,DEoptim,31,266.70449389551453
23,DFT_CRT,value_scaling_t0,wide,DEoptim,32,266.5483162606426
23,DFT_CRT,value_scaling_t0,wide,DEoptim,33,266.5483162606426
23,DFT_CRT,value_scaling_t0,wide,DEoptim,34,248.8459798401002
23,DFT_CRT,value_scaling_t0,wide,DEoptim,35,248.8459798401002
23,DFT_CRT,value_scaling_t0,wide,DEoptim,36,248.8459798401002
23,DFT_CRT,value_scaling_t0,wide,DEoptim,37,248.8459798401002
23,DFT_CRT,value_scaling_t0,wide,DEoptim,38,248.8459798401002
23,DFT_CRT,value_scaling_t0,wide,DEoptim,39,248.8459798401002
23,DFT_CRT,value_scaling_t0,wide,DEoptim,40,248.8459798401002
23,DFT_CRT,value_scaling_t0,wide,DEoptim,41,248.8459798401002
23,DFT_CRT,value_scaling_t0,wide,DEoptim,42,248.8459798401002
23,DFT_CRT,value_scaling_t0,wide,DEoptim,43,248.8459798401002
23,DFT_CRT,value_scaling_t0,wide,DEoptim,44,248.8459798401002
23,DFT_CRT,value_scaling_t0,wide,DEoptim,45,248.8459798401002
23,DFT_CRT,value_scaling_t0,wide,DEoptim,46,248.8459798401002
23,DFT_CRT,value_scaling_t0,wide,DEoptim,47,248.8459798401002
23,DFT_CRT,value_scaling_t0,wide,DEoptim,48,248.8459798401002
23,DFT_CRT,value_scaling_t0,wide,DEoptim,49,248.8459798401002
23,DFT_CRT,value_scaling_t0,wide,DEoptim,50,248.8459798401002
23,DFT_CRT,value_scaling_t0,wide,DEoptim,51,243.41575617857706
23,DFT_CRT,value_scaling_t0,wide,DEoptim,52,243.41575617857706
23,DFT_CRT,value_scaling_t0,wide,DEoptim,53,243.41575617857706
23,DFT_CRT,value_scaling_t0,wide,DEoptim,54,243.41575617857706
23,DFT_CRT,value_scaling_t0,wide,DEoptim,55,242.48766120780803
23,DFT_CRT,value_scaling_t0,wide,DEoptim,56,242.48766120780803
23,DFT_CRT,value_scaling_t0,wide,DEoptim,57,240.3742619967855
23,DFT_CRT,value_scaling_t0,wide,DEoptim,58,240.3742619967855
23,DFT_CRT,value_scaling_t0,wide,DEoptim,59,240.3742619967855
23,DFT_CRT,value_scaling_t0,wide,DEoptim,60,240.3742619967855
23,DFT_CRT,value_scaling_t0,wide,DEoptim,61,240.3742619967855
23,DFT_CRT,value_scaling_t0,wide,DEoptim,62,234.81401120449453
23,DFT_CRT,value_scaling_t0,wide,DEoptim,63,234.81401120449453
23,DFT_CRT,value_scaling_t0,wide,DEoptim,64,234.81401120449453
23,DFT_CRT,value_scaling_t0,wide,DEoptim,65,234.81401120449453
23,DFT_CRT,value_scaling_t0,wide,DEoptim,66,233.7993163944685
23,DFT_CRT,value_scaling_t0,wide,DEoptim,67,233.7993163944685
23,DFT_CRT,value_scaling_t0,wide,DEoptim,68,232.3106118180005
23,DFT_CRT,value_scaling_t0,wide,DEoptim,69,232.3106118180005
23,DFT_CRT,value_scaling_t0,wide,DEoptim,70,232.3106118180005
23,DFT_CRT,value_scaling_t0,wide,DEoptim,71,232.3106118180005
23,DFT_CRT,value_scaling_t0,wide,DEoptim,72,232.3106118180005
23,DFT_CRT,value_scaling_t0,wide,DEoptim,73,232.3106118180005
23,DFT_CRT,value_scaling_t0,wide,DEoptim,74,232.3106118180005
23,DFT_CRT,value_scaling_t0,wide,DEoptim,75,232.3106118180005
23,DFT_CRT,value_scaling_t0,wide,DEoptim,76,232.3106118180005
23,DFT_CRT,value_scaling_t0,wide,DEoptim,77,231.58731937534714
23,DFT_CRT,value_scaling_t0,wide,DEoptim,78,231.58731937534714
23,DFT_CRT,value_scaling_t0,wide,DEoptim,79,231.58731937534714
23,DFT_CRT,value_scaling_t0,wide,DEoptim,80,231.58731937534714
23,DFT_CRT,value_scaling_t0,wide,DEoptim,81,231.58731937534714
23,DFT_CRT,value_scaling_t0,wide,DEoptim,82,231.58731937534714
23,DFT_CRT,value_scaling_t0,wide,DEoptim,83,231.58731937534714
23,DFT_CRT,value_scaling_t0,wide,DEoptim,84,231.58731937534714
23,DFT_CRT,value_scaling_t0,wide,DEoptim,85,231.58731937534714
23,DFT_CRT,value_scaling_t0,wide,DEoptim,86,231.58731937534714
23,DFT_CRT,value_scaling_t0,wide,DEoptim,87,231.58731937534714
23,DFT_CRT,value_scaling_t0,wide,DEoptim,88,231.58731937534714
23,DFT_CRT,value_scaling_t0,wide,DEoptim,89,231.58731937534714
23,DFT_CRT,value_scaling_t0,wide,DEoptim,90,231.58731937534714
23,DFT_CRT,value_scaling_t0,wide,DEoptim,91,231.58731937534714
23,DFT_CRT,value_scaling_t0,wide,DEoptim,92,231.58731937534714
23,DFT_CRT,value_scaling_t0,wide,DEoptim,93,231.58731937534714
23,DFT_CRT,value_scaling_t0,wide,DEoptim,94,231.58731937534714
23,DFT_CRT,value_scaling_t0,wide,DEoptim,95,231.58731937534714
23,DFT_CRT,value_scaling_t0,wide,DEoptim,96,231.39647413282114
23,DFT_CRT,value_scaling_t0,wide,DEoptim,97,231.39647413282114
23,DFT_CRT,value_scaling_t0,wide,DEoptim,98,231.39647413282114
23,DFT_CRT,value_scaling_t0,wide,DEoptim,99,231.39647413282114
23,DFT_CRT,value_scaling_t0,wide,DEoptim,100,231.39647413282114
23,DFT_CRT,value_scaling_t0,wide,DEoptim,101,231.39647413282114
23,DFT_CRT,value_scaling_t0,wide,DEoptim,102,231.39647413282114
23,DFT_CRT,value_scaling_t0,wide,DEoptim,103,231.39647413282114
23,DFT_CRT,value_scaling_t0,wide,DEoptim,104,231.39647413282114
23,DFT_CRT,value_scaling_t0,wide,DEoptim,105,231.39647413282114
23,DFT_CRT,value_scaling_t0,wide,DEoptim,106,231.39647413282114
23,DFT_CRT,value_scaling_t0,wide,DEoptim,107,231.39647413282114
23,DFT_CRT,value_scaling_t0,wide,DEoptim,108,231.39647413282114
23,DFT_CRT,value_scaling_t0,wide,DEoptim,109,231.39647413282114
23,DFT_CRT,value_scaling_t0,wide,DEoptim,110,231.39647413282114
23,DFT_CRT,value_scaling_t0,wide,DEoptim,111,231.39647413282114
23,DFT_CRT,value_scaling_t0,wide,DEoptim,112,231.39647413282114
23,DFT_CRT,value_scaling_t0,wide,DEoptim,113,231.39647413282114
23,DFT_CRT,value_scaling_t0,wide,DEoptim,114,231.39647413282114
23,DFT_CRT,value_scaling_t0,wide,DEoptim,115,231.39647413282114
23,DFT_CRT,value_scaling_t0,wide,DEoptim,116,231.39647413282114
23,DFT_CRT,value_scaling_t0,wide,DEoptim,117,231.39647413282114
23,DFT_CRT,value_scaling_t0,wide,DEoptim,118,231.39647413282114
23,DFT_CRT,value_scaling_t0,wide,DEoptim,119,231.39647413282114
23,DFT_CRT,value_scaling_t0,wide,DEoptim,120,231.39647413282114
23,DFT_CRT,value_scaling_t0,wide,DEoptim,121,231.39647413282114
23,DFT_CRT,value_scaling_t0,wide,DEoptim,122,231.25847146771784
23,DFT_CRT,value_scaling_t0,wide,DEoptim,123,231.23677507186773
23,DFT_CRT,value_scaling_t0,wide,DEoptim,124,231.23677507186773
23,DFT_CRT,value_scaling_t0,wide,DEoptim,125,231.22124455109736
23,DFT_CRT,value_scaling_t0,wide,DEoptim,126,231.22124455109736
23,DFT_CRT,value_scaling_t0,wide,DEoptim,127,231.22124455109736
23,DFT_CRT,value_scaling_t0,wide,DEoptim,128,231.22124455109736
23,DFT_CRT,value_scaling_t0,wide,DEoptim,129,231.1754960735849
23,DFT_CRT,value_scaling_t0,wide,DEoptim,130,230.9958609684257
23,DFT_CRT,value_scaling_t0,wide,DEoptim,131,230.9821823192172
23,DFT_CRT,value_scaling_t0,wide,DEoptim,132,230.9821823192172
23,DFT_CRT,value_scaling_t0,wide,DEoptim,133,230.9821823192172
23,DFT_CRT,value_scaling_t0,wide,DEoptim,134,230.9821823192172
23,DFT_CRT,value_scaling_t0,wide,DEoptim,135,230.93872822889136
23,DFT_CRT,value_scaling_t0,wide,DEoptim,136,230.93872822889136
23,DFT_CRT,value_scaling_t0,wide,DEoptim,137,230.85588893239677
23,DFT_CRT,value_scaling_t0,wide,DEoptim,138,230.74328512245256
23,DFT_CRT,value_scaling_t0,wide,DEoptim,139,230.74328512245256
23,DFT_CRT,value_scaling_t0,wide,DEoptim,140,230.74328512245256
23,DFT_CRT,value_scaling_t0,wide,DEoptim,141,230.74328512245256
23,DFT_CRT,value_scaling_t0,wide,DEoptim,142,230.74328512245256
23,DFT_CRT,value_scaling_t0,wide,DEoptim,143,230.74328512245256
23,DFT_CRT,value_scaling_t0,wide,DEoptim,144,230.74328512245256
23,DFT_CRT,value_scaling_t0,wide,DEoptim,145,230.74328512245256
23,DFT_CRT,value_scaling_t0,wide,DEoptim,146,230.7267599671207
23,DFT_CRT,value_scaling_t0,wide,DEoptim,147,230.7267599671207
23,DFT_CRT,value_scaling_t0,wide,DEoptim,148,230.7267599671207
23,DFT_CRT,value_scaling_t0,wide,DEoptim,149,230.6209024113841
23,DFT_CRT,value_scaling_t0,wide,DEoptim,150,230.6209024113841
23,DFT_CRT,value_scaling_t0,wide,DEoptim,151,230.6209024113841
23,DFT_CRT,value_scaling_t0,wide,DEoptim,152,230.6209024113841
23,DFT_CRT,value_scaling_t0,wide,DEoptim,153,230.6209024113841
23,DFT_CRT,value_scaling_t0,wide,DEoptim,154,230.6209024113841
23,DFT_CRT,value_scaling_t0,wide,DEoptim,155,230.6209024113841
23,DFT_CRT,value_scaling_t0,wide,DEoptim,156,230.6209024113841
23,DFT_CRT,value_scaling_t0,wide,DEoptim,157,230.6209024113841
23,DFT_CRT,value_scaling_t0,wide,DEoptim,158,230.6209024113841
23,DFT_CRT,value_scaling_t0,wide,DEoptim,159,230.6209024113841
23,DFT_CRT,value_scaling_t0,wide,DEoptim,160,230.6209024113841
23,DFT_CRT,value_scaling_t0,wide,DEoptim,161,230.6209024113841
23,DFT_CRT,value_scaling_t0,wide,DEoptim,162,230.6209024113841
23,DFT_CRT,value_scaling_t0,wide,DEoptim,163,230.6209024113841
23,DFT_CRT,value_scaling_t0,wide,DEoptim,164,230.6209024113841
23,DFT_CRT,value_scaling_t0,wide,DEoptim,165,230.6209024113841
23,DFT_CRT,value_scaling_t0,wide,DEoptim,166,230.58844500644204
23,DFT_CRT,value_scaling_t0,wide,DEoptim,167,230.58844500644204
23,DFT_CRT,value_scaling_t0,wide,DEoptim,168,230.58844500644204
23,DFT_CRT,value_scaling_t0,wide,DEoptim,169,230.58844500644204
23,DFT_CRT,value_scaling_t0,wide,DEoptim,170,230.58844500644204
23,DFT_CRT,value_scaling_t0,wide,DEoptim,171,230.58844500644204
23,DFT_CRT,value_scaling_t0,wide,DEoptim,172,230.55136006773165
23,DFT_CRT,value_scaling_t0,wide,DEoptim,173,230.55136006773165
23,DFT_CRT,value_scaling_t0,wide,DEoptim,174,230.55136006773165
23,DFT_CRT,value_scaling_t0,wide,DEoptim,175,230.55136006773165
23,DFT_CRT,value_scaling_t0,wide,DEoptim,176,230.55136006773165
23,DFT_CRT,value_scaling_t0,wide,DEoptim,177,230.55136006773165
23,DFT_CRT,value_scaling_t0,wide,DEoptim,178,230.55136006773165
23,DFT_CRT,value_scaling_t0,wide,DEoptim,179,230.55136006773165
23,DFT_CRT,value_scaling_t0,wide,DEoptim,180,230.55136006773165
23,DFT_CRT,value_scaling_t0,wide,DEoptim,181,230.55136006773165
23,DFT_CRT,value_scaling_t0,wide,DEoptim,182,230.55136006773165
23,DFT_CRT,value_scaling_t0,wide,DEoptim,183,230.55136006773165
23,DFT_CRT,value_scaling_t0,wide,DEoptim,184,230.55136006773165
23,DFT_CRT,value_scaling_t0,wide,DEoptim,185,230.55136006773165
23,DFT_CRT,value_scaling_t0,wide,DEoptim,186,230.55136006773165
23,DFT_CRT,value_scaling_t0,wide,DEoptim,187,230.55136006773165
23,DFT_CRT,value_scaling_t0,wide,DEoptim,188,230.52630444082556
23,DFT_CRT,value_scaling_t0,wide,DEoptim,189,230.52630444082556
23,DFT_CRT,value_scaling_t0,wide,DEoptim,190,230.52630444082556
23,DFT_CRT,value_scaling_t0,wide,DEoptim,191,230.52630444082556
23,DFT_CRT,value_scaling_t0,wide,DEoptim,192,230.50971752497318
23,DFT_CRT,value_scaling_t0,wide,DEoptim,193,230.50971752497318
23,DFT_CRT,value_scaling_t0,wide,DEoptim,194,230.50971752497318
23,DFT_CRT,value_scaling_t0,wide,DEoptim,195,230.50971752497318
23,DFT_CRT,value_scaling_t0,wide,DEoptim,196,230.50971752497318
23,DFT_CRT,value_scaling_t0,wide,DEoptim,197,230.50971752497318
23,DFT_CRT,value_scaling_t0,wide,DEoptim,198,230.50971752497318
23,DFT_CRT,value_scaling_t0,wide,DEoptim,199,230.50971752497318
23,DFT_CRT,value_scaling_t0,wide,DEoptim,200,230.50971752497318
23,DFT_CRT,value_scaling_t0,wide,DEoptim,201,230.50971752497318
23,DFT_CRT,value_scaling_t0,wide,DEoptim,202,230.50971752497318
23,DFT_CRT,value_scaling_t0,wide,DEoptim,203,230.50971752497318
23,DFT_CRT,value_scaling_t0,wide,DEoptim,204,230.50971752497318
23,DFT_CRT,value_scaling_t0,wide,DEoptim,205,230.49433349078598
23,DFT_CRT,value_scaling_t0,wide,DEoptim,206,230.49433349078598
23,DFT_CRT,value_scaling_t0,wide,DEoptim,207,230.49433349078598
23,DFT_CRT,value_scaling_t0,wide,DEoptim,208,230.49433349078598
23,DFT_CRT,value_scaling_t0,wide,DEoptim,209,230.49433349078598
23,DFT_CRT,value_scaling_t0,wide,DEoptim,210,230.49327834064223
23,DFT_CRT,value_scaling_t0,wide,DEoptim,211,230.49327834064223
23,DFT_CRT,value_scaling_t0,wide,DEoptim,212,230.49327834064223
23,DFT_CRT,value_scaling_t0,wide,DEoptim,213,230.49327834064223
23,DFT_CRT,value_scaling_t0,wide,DEoptim,214,230.49327834064223
23,DFT_CRT,value_scaling_t0,wide,DEoptim,215,230.49327834064223
23,DFT_CRT,value_scaling_t0,wide,DEoptim,216,230.49327834064223
23,DFT_CRT,value_scaling_t0,wide,DEoptim,217,230.49327834064223
23,DFT_CRT,value_scaling_t0,wide,DEoptim,218,230.49327834064223
23,DFT_CRT,value_scaling_t0,wide,DEoptim,219,230.49327834064223
23,DFT_CRT,value_scaling_t0,wide,DEoptim,220,230.49327834064223
23,DFT_CRT,value_scaling_t0,wide,DEoptim,221,230.49327834064223
23,DFT_CRT,value_scaling_t0,wide,DEoptim,222,230.49327834064223
23,DFT_CRT,value_scaling_t0,wide,DEoptim,223,230.49327834064223
23,DFT_CRT,value_scaling_t0,wide,DEoptim,224,230.49327834064223
23,DFT_CRT,value_scaling_t0,wide,DEoptim,225,230.48841132632327
23,DFT_CRT,value_scaling_t0,wide,DEoptim,226,230.48216790008965
23,DFT_CRT,value_scaling_t0,wide,DEoptim,227,230.48216790008965
23,DFT_CRT,value_scaling_t0,wide,DEoptim,228,230.46894131590437
23,DFT_CRT,value_scaling_t0,wide,DEoptim,229,230.46894131590437
23,DFT_CRT,value_scaling_t0,wide,DEoptim,230,230.46809040955932
23,DFT_CRT,value_scaling_t0,wide,DEoptim,231,230.46809040955932
23,DFT_CRT,value_scaling_t0,wide,DEoptim,232,230.46809040955932
23,DFT_CRT,value_scaling_t0,wide,DEoptim,233,230.46809040955932
23,DFT_CRT,value_scaling_t0,wide,DEoptim,234,230.46809040955932
23,DFT_CRT,value_scaling_t0,wide,DEoptim,235,230.46809040955932
23,DFT_CRT,value_scaling_t0,wide,DEoptim,236,230.46809040955932
23,DFT_CRT,value_scaling_t0,wide,DEoptim,237,230.46809040955932
23,DFT_CRT,value_scaling_t0,wide,DEoptim,238,230.46809040955932
23,DFT_CRT,value_scaling_t0,wide,DEoptim,239,230.46809040955932
23,DFT_CRT,value_scaling_t0,wide,DEoptim,240,230.46809040955932
23,DFT_CRT,value_scaling_t0,wide,DEoptim,241,230.4668428350708
23,DFT_CRT,value_scaling_t0,wide,DEoptim,242,230.4668428350708
23,DFT_CRT,value_scaling_t0,wide,DEoptim,243,230.4668428350708
23,DFT_CRT,value_scaling_t0,wide,DEoptim,244,230.4668428350708
23,DFT_CRT,value_scaling_t0,wide,DEoptim,245,230.4668428350708
23,DFT_CRT,value_scaling_t0,wide,DEoptim,246,230.46313614171282
23,DFT_CRT,value_scaling_t0,wide,DEoptim,247,230.46313614171282
23,DFT_CRT,value_scaling_t0,wide,DEoptim,248,230.46313614171282
23,DFT_CRT,value_scaling_t0,wide,DEoptim,249,230.46313614171282
23,DFT_CRT,value_scaling_t0,wide,DEoptim,250,230.46313614171282
23,DFT_CRT,value_scaling_t0,wide,DEoptim,251,230.46094455747607
23,DFT_CRT,value_scaling_t0,wide,DEoptim,252,230.45951510065976
23,DFT_CRT,value_scaling_t0,wide,DEoptim,253,230.45951510065976
23,DFT_CRT,value_scaling_t0,wide,DEoptim,254,230.45951510065976
23,DFT_CRT,value_scaling_t0,wide,DEoptim,255,230.45951510065976
23,DFT_CRT,value_scaling_t0,wide,DEoptim,256,230.45951510065976
23,DFT_CRT,value_scaling_t0,wide,DEoptim,257,230.45951510065976
23,DFT_CRT,value_scaling_t0,wide,DEoptim,258,230.45951510065976
23,DFT_CRT,value_scaling_t0,wide,DEoptim,259,230.45951510065976
23,DFT_CRT,value_scaling_t0,wide,DEoptim,260,230.45936805837897
23,DFT_CRT,value_scaling_t0,wide,DEoptim,261,230.45936805837897
23,DFT_CRT,value_scaling_t0,wide,DEoptim,262,230.45936805837897
23,DFT_CRT,value_scaling_t0,wide,DEoptim,263,230.45936805837897
23,DFT_CRT,value_scaling_t0,wide,DEoptim,264,230.45936805837897
23,DFT_CRT,value_scaling_t0,wide,DEoptim,265,230.45936805837897
23,DFT_CRT,value_scaling_t0,wide,DEoptim,266,230.45525318263537
23,DFT_CRT,value_scaling_t0,wide,DEoptim,267,230.45525318263537
23,DFT_CRT,value_scaling_t0,wide,DEoptim,268,230.45525318263537
23,DFT_CRT,value_scaling_t0,wide,DEoptim,269,230.45525318263537
23,DFT_CRT,value_scaling_t0,wide,DEoptim,270,230.45519409823044
23,DFT_CRT,value_scaling_t0,wide,DEoptim,271,230.45519409823044
23,DFT_CRT,value_scaling_t0,wide,DEoptim,272,230.45470883321525
23,DFT_CRT,value_scaling_t0,wide,DEoptim,273,230.45470883321525
23,DFT_CRT,value_scaling_t0,wide,DEoptim,274,230.45470883321525
23,DFT_CRT,value_scaling_t0,wide,DEoptim,275,230.45470883321525
23,DFT_CRT,value_scaling_t0,wide,DEoptim,276,230.45470883321525
23,DFT_CRT,value_scaling_t0,wide,DEoptim,277,230.45470883321525
23,DFT_CRT,value_scaling_t0,wide,DEoptim,278,230.45470883321525
23,DFT_CRT,value_scaling_t0,wide,DEoptim,279,230.45470883321525
23,DFT_CRT,value_scaling_t0,wide,DEoptim,280,230.4536034303825
23,DFT_CRT,value_scaling_t0,wide,DEoptim,281,230.4517291244435
23,DFT_CRT,value_scaling_t0,wide,DEoptim,282,230.4517291244435
23,DFT_CRT,value_scaling_t0,wide,DEoptim,283,230.4517291244435
23,DFT_CRT,value_scaling_t0,wide,DEoptim,284,230.4517291244435
23,DFT_CRT,value_scaling_t0,wide,DEoptim,285,230.4513663399125
23,DFT_CRT,value_scaling_t0,wide,DEoptim,286,230.4513663399125
23,DFT_CRT,value_scaling_t0,wide,DEoptim,287,230.4513663399125
23,DFT_CRT,value_scaling_t0,wide,DEoptim,288,230.4513663399125
23,DFT_CRT,value_scaling_t0,wide,DEoptim,289,230.45026884533382
23,DFT_CRT,value_scaling_t0,wide,DEoptim,290,230.45026884533382
23,DFT_CRT,value_scaling_t0,wide,DEoptim,291,230.45026884533382
23,DFT_CRT,value_scaling_t0,wide,DEoptim,292,230.4498428139056
23,DFT_CRT,value_scaling_t0,wide,DEoptim,293,230.44981469071075
23,DFT_CRT,value_scaling_t0,wide,DEoptim,294,230.44981469071075
23,DFT_CRT,value_scaling_t0,wide,DEoptim,295,230.44814572155713
23,DFT_CRT,value_scaling_t0,wide,DEoptim,296,230.44814572155713
23,DFT_CRT,value_scaling_t0,wide,DEoptim,297,230.44814572155713
23,DFT_CRT,value_scaling_t0,wide,DEoptim,298,230.44814572155713
23,DFT_CRT,value_scaling_t0,wide,DEoptim,299,230.44814572155713
23,DFT_CRT,value_scaling_t0,wide,DEoptim,300,230.44814572155713
23,DFT_CRT,value_scaling_t0,wide,DEoptim,301,230.44814572155713
23,DFT_CRT,value_scaling_t0,wide,DEoptim,302,230.44729855043954
23,DFT_CRT,value_scaling_t0,wide,DEoptim,303,230.44729855043954
23,DFT_CRT,value_scaling_t0,wide,DEoptim,304,230.44729855043954
23,DFT_CRT,value_scaling_t0,wide,DEoptim,305,230.44729855043954
23,DFT_CRT,value_scaling_t0,wide,DEoptim,306,230.44729855043954
23,DFT_CRT,value_scaling_t0,wide,DEoptim,307,230.44577339008015
23,DFT_CRT,value_scaling_t0,wide,DEoptim,308,230.44577339008015
23,DFT_CRT,value_scaling_t0,wide,DEoptim,309,230.44577339008015
23,DFT_CRT,value_scaling_t0,wide,DEoptim,310,230.44577339008015
23,DFT_CRT,value_scaling_t0,wide,DEoptim,311,230.44577339008015
23,DFT_CRT,value_scaling_t0,wide,DEoptim,312,230.44577339008015
23,DFT_CRT,value_scaling_t0,wide,DEoptim,313,230.44577339008015
23,DFT_CRT,value_scaling_t0,wide,DEoptim,314,230.44577339008015
23,DFT_CRT,value_scaling_t0,wide,DEoptim,315,230.44577339008015
23,DFT_CRT,value_scaling_t0,wide,DEoptim,316,230.44577339008015
23,DFT_CRT,value_scaling_t0,wide,DEoptim,317,230.44577339008015
23,DFT_CRT,value_scaling_t0,wide,DEoptim,318,230.44577339008015
23,DFT_CRT,value_scaling_t0,wide,DEoptim,319,230.44577339008015
23,DFT_CRT,value_scaling_t0,wide,DEoptim,320,230.44577339008015
23,DFT_CRT,value_scaling_t0,wide,DEoptim,321,230.44577339008015
23,DFT_CRT,value_scaling_t0,wide,DEoptim,322,230.44577339008015
23,DFT_CRT,value_scaling_t0,wide,DEoptim,323,230.44577339008015
23,DFT_CRT,value_scaling_t0,wide,DEoptim,324,230.44577339008015
23,DFT_CRT,value_scaling_t0,wide,DEoptim,325,230.44577339008015
23,DFT_CRT,value_scaling_t0,wide,DEoptim,326,230.44577339008015
23,DFT_CRT,value_scaling_t0,wide,DEoptim,327,230.44577339008015
23,DFT_CRT,value_scaling_t0,wide,DEoptim,328,230.44577339008015
23,DFT_CRT,value_scaling_t0,wide,DEoptim,329,230.44577339008015
23,DFT_CRT,value_scaling_t0,wide,DEoptim,330,230.44577339008015
23,DFT_CRT,value_scaling_t0,wide,DEoptim,331,230.44577339008015
23,DFT_CRT,value_scaling_t0,wide,DEoptim,332,230.44577339008015
23,DFT_CRT,value_scaling_t0,wide,DEoptim,333,230.44577339008015
23,DFT_CRT,value_scaling_t0,wide,DEoptim,334,230.44577339008015
23,DFT_CRT,value_scaling_t0,wide,DEoptim,335,230.44577339008015
23,DFT_CRT,value_scaling_t0,wide,DEoptim,336,230.44577339008015
23,DFT_CRT,value_scaling_t0,wide,DEoptim,337,230.44577339008015
23,DFT_CRT,value_scaling_t0,wide,DEoptim,338,230.44577339008015
23,DFT_CRT,value_scaling_t0,wide,DEoptim,339,230.44577339008015
23,DFT_CRT,value_scaling_t0,wide,DEoptim,340,230.44577339008015
23,DFT_CRT,value_scaling_t0,wide,DEoptim,341,230.44577339008015
23,DFT_CRT,value_scaling_t0,wide,DEoptim,342,230.44577339008015
23,DFT_CRT,value_scaling_t0,wide,DEoptim,343,230.44577339008015
23,DFT_CRT,value_scaling_t0,wide,DEoptim,344,230.44577339008015
23,DFT_CRT,value_scaling_t0,wide,DEoptim,345,230.44577339008015
23,DFT_CRT,value_scaling_t0,wide,DEoptim,346,230.44577339008015
23,DFT_CRT,value_scaling_t0,wide,DEoptim,347,230.44577339008015
23,DFT_CRT,value_scaling_t0,wide,DEoptim,348,230.44577339008015
23,DFT_CRT,value_scaling_t0,wide,DEoptim,349,230.44577339008015
23,DFT_CRT,value_scaling_t0,wide,DEoptim,350,230.44577339008015
23,DFT_CRT,value_scaling_t0,wide,DEoptim,351,230.44577339008015
23,DFT_CRT,value_scaling_t0,wide,DEoptim,352,230.44577339008015
23,DFT_CRT,value_scaling_t0,wide,DEoptim,353,230.44577339008015
23,DFT_CRT,value_scaling_t0,wide,DEoptim,354,230.44577339008015
23,DFT_CRT,value_scaling_t0,wide,DEoptim,355,230.44577339008015
23,DFT_CRT,value_scaling_t0,wide,DEoptim,356,230.44577339008015
23,DFT_CRT,value_scaling_t0,wide,DEoptim,357,230.44577339008015
23,DFT_CRT,value_scaling_t0,wide,DEoptim,358,230.44577339008015
23,DFT_CRT,value_scaling_t0,wide,DEoptim,359,230.44577339008015
23,DFT_CRT,value_scaling_t0,wide,DEoptim,360,230.44577339008015
23,DFT_CRT,value_scaling_t0,wide,DEoptim,361,230.44577339008015
23,DFT_CRT,value_scaling_t0,wide,DEoptim,362,230.44577339008015
23,DFT_CRT,value_scaling_t0,wide,DEoptim,363,230.44577339008015
23,DFT_CRT,value_scaling_t0,wide,DEoptim,364,230.44577302417775
23,DFT_CRT,value_scaling_t0,wide,DEoptim,365,230.44577302417775
23,DFT_CRT,value_scaling_t0,wide,DEoptim,366,230.44577302417775
23,DFT_CRT,value_scaling_t0,wide,DEoptim,367,230.44577302417775
23,DFT_CRT,value_scaling_t0,wide,DEoptim,368,230.44577302417775
23,DFT_CRT,value_scaling_t0,wide,DEoptim,369,230.44576463866164
23,DFT_CRT,value_scaling_t0,wide,DEoptim,370,230.44576463866164
23,DFT_CRT,value_scaling_t0,wide,DEoptim,371,230.44576463866164
23,DFT_CRT,value_scaling_t0,wide,DEoptim,372,230.44576463866164
23,DFT_CRT,value_scaling_t0,wide,DEoptim,373,230.44576463866164
23,DFT_CRT,value_scaling_t0,wide,DEoptim,374,230.44576463866164
23,DFT_CRT,value_scaling_t0,wide,DEoptim,375,230.44576463866164
23,DFT_CRT,value_scaling_t0,wide,DEoptim,376,230.44576463866164
23,DFT_CRT,value_scaling_t0,wide,DEoptim,377,230.44576463866164
23,DFT_CRT,value_scaling_t0,wide,DEoptim,378,230.44574738074994
23,DFT_CRT,value_scaling_t0,wide,DEoptim,379,230.44574738074994
23,DFT_CRT,value_scaling_t0,wide,DEoptim,380,230.44574738074994
23,DFT_CRT,value_scaling_t0,wide,DEoptim,381,230.44574738074994
23,DFT_CRT,value_scaling_t0,wide,DEoptim,382,230.44567289869798
23,DFT_CRT,value_scaling_t0,wide,DEoptim,383,230.44500372741072
23,DFT_CRT,value_scaling_t0,wide,DEoptim,384,230.44500372741072
23,DFT_CRT,value_scaling_t0,wide,DEoptim,385,230.44500372741072
23,DFT_CRT,value_scaling_t0,wide,DEoptim,386,230.44500372741072
23,DFT_CRT,value_scaling_t0,wide,DEoptim,387,230.4448549821322
23,DFT_CRT,value_scaling_t0,wide,DEoptim,388,230.4448549821322
23,DFT_CRT,value_scaling_t0,wide,DEoptim,389,230.4448549821322
23,DFT_CRT,value_scaling_t0,wide,DEoptim,390,230.4448549821322
23,DFT_CRT,value_scaling_t0,wide,DEoptim,391,230.4448549821322
23,DFT_CRT,value_scaling_t0,wide,DEoptim,392,230.4448549821322
23,DFT_CRT,value_scaling_t0,wide,DEoptim,393,230.4448549821322
23,DFT_CRT,value_scaling_t0,wide,DEoptim,394,230.4448549821322
23,DFT_CRT,value_scaling_t0,wide,DEoptim,395,230.4448549821322
23,DFT_CRT,value_scaling_t0,wide,DEoptim,396,230.4448549821322
23,DFT_CRT,value_scaling_t0,wide,DEoptim,397,230.4448549821322
23,DFT_CRT,value_scaling_t0,wide,DEoptim,398,230.44468957890217
23,DFT_CRT,value_scaling_t0,wide,DEoptim,399,230.44468957890217
23,DFT_CRT,value_scaling_t0,wide,DEoptim,400,230.44468957890217
23,DFT_CRT,value_scaling_t0,wide,DEoptim,401,230.44468957890217
23,DFT_CRT,value_scaling_t0,wide,DEoptim,402,230.44468957890217
23,DFT_CRT,value_scaling_t0,wide,DEoptim,403,230.44468957890217
23,DFT_CRT,value_scaling_t0,wide,DEoptim,404,230.44468957890217
23,DFT_CRT,value_scaling_t0,wide,DEoptim,405,230.44468957890217
23,DFT_CRT,value_scaling_t0,wide,DEoptim,406,230.44468957890217
23,DFT_CRT,value_scaling_t0,wide,DEoptim,407,230.44468957890217
23,DFT_CRT,value_scaling_t0,wide,DEoptim,408,230.44468957890217
23,DFT_CRT,value_scaling_t0,wide,DEoptim,409,230.44468957890217
23,DFT_CRT,value_scaling_t0,wide,DEoptim,410,230.44468957890217
23,DFT_CRT,value_scaling_t0,wide,DEoptim,411,230.44468957890217
23,DFT_CRT,value_scaling_t0,wide,DEoptim,412,230.44468957890217
23,DFT_CRT,value_scaling_t0,wide,DEoptim,413,230.44466918779486
23,DFT_CRT,value_scaling_t0,wide,DEoptim,414,230.44466918779486
23,DFT_CRT,value_scaling_t0,wide,DEoptim,415,230.44466918779486
23,DFT_CRT,value_scaling_t0,wide,DEoptim,416,230.44466918779486
23,DFT_CRT,value_scaling_t0,wide,DEoptim,417,230.44466918779486
23,DFT_CRT,value_scaling_t0,wide,DEoptim,418,230.44466918779486
23,DFT_CRT,value_scaling_t0,wide,DEoptim,419,230.44466918779486
23,DFT_CRT,value_scaling_t0,wide,DEoptim,420,230.44466918779486
23,DFT_CRT,value_scaling_t0,wide,DEoptim,421,230.44466918779486
23,DFT_CRT,value_scaling_t0,wide,DEoptim,422,230.44466918779486
23,DFT_CRT,value_scaling_t0,wide,DEoptim,423,230.44466918779486
23,DFT_CRT,value_scaling_t0,wide,DEoptim,424,230.44466918779486
23,DFT_CRT,value_scaling_t0,wide,DEoptim,425,230.44466918779486
23,DFT_CRT,value_scaling_t0,wide,DEoptim,426,230.44466918779486
23,DFT_CRT,value_scaling_t0,wide,DEoptim,427,230.44466918779486
23,DFT_CRT,value_scaling_t0,wide,DEoptim,428,230.44450928674212
23,DFT_CRT,value_scaling_t0,wide,DEoptim,429,230.44450928674212
23,DFT_CRT,value_scaling_t0,wide,DEoptim,430,230.44450928674212
23,DFT_CRT,value_scaling_t0,wide,DEoptim,431,230.44450928674212
23,DFT_CRT,value_scaling_t0,wide,DEoptim,432,230.44450928674212
23,DFT_CRT,value_scaling_t0,wide,DEoptim,433,230.44450928674212
23,DFT_CRT,value_scaling_t0,wide,DEoptim,434,230.44450928674212
23,DFT_CRT,value_scaling_t0,wide,DEoptim,435,230.44450928674212
23,DFT_CRT,value_scaling_t0,wide,DEoptim,436,230.4445037714443
23,DFT_CRT,value_scaling_t0,wide,DEoptim,437,230.4445037714443
23,DFT_CRT,value_scaling_t0,wide,DEoptim,438,230.4445037714443
23,DFT_CRT,value_scaling_t0,wide,DEoptim,439,230.4445037714443
23,DFT_CRT,value_scaling_t0,wide,DEoptim,440,230.4445037714443
23,DFT_CRT,value_scaling_t0,wide,DEoptim,441,230.4445037714443
23,DFT_CRT,value_scaling_t0,wide,DEoptim,442,230.4445037714443
23,DFT_CRT,value_scaling_t0,wide,DEoptim,443,230.4445037714443
23,DFT_CRT,value_scaling_t0,wide,DEoptim,444,230.4445037714443
23,DFT_CRT,value_scaling_t0,wide,DEoptim,445,230.4445037714443
23,DFT_CRT,value_scaling_t0,wide,DEoptim,446,230.4445037714443
23,DFT_CRT,value_scaling_t0,wide,DEoptim,447,230.4445037714443
23,DFT_CRT,value_scaling_t0,wide,DEoptim,448,230.4445037714443
23,DFT_CRT,value_scaling_t0,wide,DEoptim,449,230.4445037714443
23,DFT_CRT,value_scaling_t0,wide,DEoptim,450,230.4445037714443
23,DFT_CRT,value_scaling_t0,wide,DEoptim,451,230.4445037714443
23,DFT_CRT,value_scaling_t0,wide,DEoptim,452,230.4445037714443
23,DFT_CRT,value_scaling_t0,wide,DEoptim,453,230.4445037714443
23,DFT_CRT,value_scaling_t0,wide,DEoptim,454,230.4445037714443
23,DFT_CRT,value_scaling_t0,wide,DEoptim,455,230.44450098428416
23,DFT_CRT,value_scaling_t0,wide,DEoptim,456,230.44450098428416
23,DFT_CRT,value_scaling_t0,wide,DEoptim,457,230.44450098428416
23,DFT_CRT,value_scaling_t0,wide,DEoptim,458,230.44450098428416
23,DFT_CRT,value_scaling_t0,wide,DEoptim,459,230.44450098428416
23,DFT_CRT,value_scaling_t0,wide,DEoptim,460,230.44450098428416
23,DFT_CRT,value_scaling_t0,wide,DEoptim,461,230.44450098428416
23,DFT_CRT,value_scaling_t0,wide,DEoptim,462,230.44450098428416
23,DFT_CRT,value_scaling_t0,wide,DEoptim,463,230.44450098428416
23,DFT_CRT,value_scaling_t0,wide,DEoptim,464,230.44450098428416
23,DFT_CRT,value_scaling_t0,wide,DEoptim,465,230.44450098428416
23,DFT_CRT,value_scaling_t0,wide,DEoptim,466,230.44450098428416
23,DFT_CRT,value_scaling_t0,wide,DEoptim,467,230.44450098428416
23,DFT_CRT,value_scaling_t0,wide,DEoptim,468,230.44450098428416
23,DFT_CRT,value_scaling_t0,wide,DEoptim,469,230.44450098428416
23,DFT_CRT,value_scaling_t0,wide,DEoptim,470,230.44450098428416
23,DFT_CRT,value_scaling_t0,wide,DEoptim,471,230.44450098428416
23,DFT_CRT,value_scaling_t0,wide,DEoptim,472,230.44450098428416
23,DFT_CRT,value_scaling_t0,wide,DEoptim,473,230.44450098428416
23,DFT_CRT,value_scaling_t0,wide,DEoptim,474,230.44450098428416
23,DFT_CRT,value_scaling_t0,wide,DEoptim,475,230.44450098428416
23,DFT_CRT,value_scaling_t0,wide,DEoptim,476,230.44450098428416
23,DFT_CRT,value_scaling_t0,wide,DEoptim,477,230.44450098428416
23,DFT_CRT,value_scaling_t0,wide,DEoptim,478,230.44450098428416
23,DFT_CRT,value_scaling_t0,wide,DEoptim,479,230.44450098428416
23,DFT_CRT,value_scaling_t0,wide,DEoptim,480,230.44450098428416
23,DFT_CRT,value_scaling_t0,wide,DEoptim,481,230.44450098428416
23,DFT_CRT,value_scaling_t0,wide,DEoptim,482,230.44450098428416
23,DFT_CRT,value_scaling_t0,wide,DEoptim,483,230.44450098428416
23,DFT_CRT,value_scaling_t0,wide,DEoptim,484,230.44450098428416
23,DFT_CRT,value_scaling_t0,wide,DEoptim,485,230.44450098428416
23,DFT_CRT,value_scaling_t0,wide,DEoptim,486,230.44450098428416
23,DFT_CRT,value_scaling_t0,wide,DEoptim,487,230.44450098428416
23,DFT_CRT,value_scaling_t0,wide,DEoptim,488,230.44450098428416
23,DFT_CRT,value_scaling_t0,wide,DEoptim,489,230.44450098428416
23,DFT_CRT,value_scaling_t0,wide,DEoptim,490,230.44450098428416
23,DFT_CRT,value_scaling_t0,wide,DEoptim,491,230.44450098428416
23,DFT_CRT,value_scaling_t0,wide,DEoptim,492,230.44447563723065
23,DFT_CRT,value_scaling_t0,wide,DEoptim,493,230.44447563723065
23,DFT_CRT,value_scaling_t0,wide,DEoptim,494,230.44447563723065
23,DFT_CRT,value_scaling_t0,wide,DEoptim,495,230.44447563723065
23,DFT_CRT,value_scaling_t0,wide,DEoptim,496,230.44447563723065
23,DFT_CRT,value_scaling_t0,wide,DEoptim,497,230.4444755865145
23,DFT_CRT,value_scaling_t0,wide,DEoptim,498,230.44447039480065
23,DFT_CRT,value_scaling_t0,wide,DEoptim,499,230.44447039480065
23,DFT_CRT,value_scaling_t0,wide,DEoptim,500,230.44447039480065
23,DFT_CRT,value_scaling_t0,wide,DEoptim,501,230.44447039480065
23,DFT_CRT,value_scaling_t0,wide,DEoptim,502,230.44447039480065
23,DFT_CRT,value_scaling_t0,wide,DEoptim,503,230.44447039480065
23,DFT_CRT,value_scaling_t0,wide,DEoptim,504,230.44446761088426
23,DFT_CRT,value_scaling_t0,wide,DEoptim,505,230.44446761088426
23,DFT_CRT,value_scaling_t0,wide,DEoptim,506,230.44446761088426
23,DFT_CRT,value_scaling_t0,wide,DEoptim,507,230.44446761088426
23,DFT_CRT,value_scaling_t0,wide,DEoptim,508,230.44446761088426
23,DFT_CRT,value_scaling_t0,wide,DEoptim,509,230.44446761088426
23,DFT_CRT,value_scaling_t0,wide,DEoptim,510,230.44446166094957
23,DFT_CRT,value_scaling_t0,wide,DEoptim,511,230.44446166094957
23,DFT_CRT,value_scaling_t0,wide,DEoptim,512,230.44446166094957
23,DFT_CRT,value_scaling_t0,wide,DEoptim,513,230.44446166094957
23,DFT_CRT,value_scaling_t0,wide,DEoptim,514,230.44446166094957
23,DFT_CRT,value_scaling_t0,wide,DEoptim,515,230.44446166094957
23,DFT_CRT,value_scaling_t0,wide,DEoptim,516,230.44446166094957
23,DFT_CRT,value_scaling_t0,wide,DEoptim,517,230.44446166094957
23,DFT_CRT,value_scaling_t0,wide,DEoptim,518,230.44446166094957
23,DFT_CRT,value_scaling_t0,wide,DEoptim,519,230.44446148586647
23,DFT_CRT,value_scaling_t0,wide,DEoptim,520,230.44446148586647
23,DFT_CRT,value_scaling_t0,wide,DEoptim,521,230.44446080744683
23,DFT_CRT,value_scaling_t0,wide,DEoptim,522,230.44446080744683
23,DFT_CRT,value_scaling_t0,wide,DEoptim,523,230.44446080744683
23,DFT_CRT,value_scaling_t0,wide,DEoptim,524,230.44446080744683
23,DFT_CRT,value_scaling_t0,wide,DEoptim,525,230.44446080744683
23,DFT_CRT,value_scaling_t0,wide,DEoptim,526,230.4444603400682
23,DFT_CRT,value_scaling_t0,wide,DEoptim,527,230.4444603400682
23,DFT_CRT,value_scaling_t0,wide,DEoptim,528,230.4444603400682
23,DFT_CRT,value_scaling_t0,wide,DEoptim,529,230.4444603400682
23,DFT_CRT,value_scaling_t0,wide,DEoptim,530,230.4444603400682
23,DFT_CRT,value_scaling_t0,wide,DEoptim,531,230.4444603400682
23,DFT_CRT,value_scaling_t0,wide,DEoptim,532,230.4444603400682
23,DFT_CRT,value_scaling_t0,wide,DEoptim,533,230.4444603400682
23,DFT_CRT,value_scaling_t0,wide,DEoptim,534,230.4444603400682
23,DFT_CRT,value_scaling_t0,wide,DEoptim,535,230.4444600849518
23,DFT_CRT,value_scaling_t0,wide,DEoptim,536,230.4444600849518
23,DFT_CRT,value_scaling_t0,wide,DEoptim,537,230.4444600849518
23,DFT_CRT,value_scaling_t0,wide,DEoptim,538,230.4444600849518
23,DFT_CRT,value_scaling_t0,wide,DEoptim,539,230.4444600849518
23,DFT_CRT,value_scaling_t0,wide,DEoptim,540,230.4444600849518
23,DFT_CRT,value_scaling_t0,wide,DEoptim,541,230.4444600849518
23,DFT_CRT,value_scaling_t0,wide,DEoptim,542,230.4444600849518
23,DFT_CRT,value_scaling_t0,wide,DEoptim,543,230.4444600849518
23,DFT_CRT,value_scaling_t0,wide,DEoptim,544,230.4444600849518
23,DFT_CRT,value_scaling_t0,wide,DEoptim,545,230.4444600849518
23,DFT_CRT,value_scaling_t0,wide,DEoptim,546,230.4444600849518
23,DFT_CRT,value_scaling_t0,wide,DEoptim,547,230.4444600849518
23,DFT_CRT,value_scaling_t0,wide,DEoptim,548,230.4444600849518
23,DFT_CRT,value_scaling_t0,wide,DEoptim,549,230.4444600849518
23,DFT_CRT,value_scaling_t0,wide,DEoptim,550,230.4444600849518
23,DFT_CRT,value_scaling_t0,wide,DEoptim,551,230.44445789855348
23,DFT_CRT,value_scaling_t0,wide,DEoptim,552,230.44445789855348
23,DFT_CRT,value_scaling_t0,wide,DEoptim,553,230.44445789855348
23,DFT_CRT,value_scaling_t0,wide,DEoptim,554,230.44445789855348
23,DFT_CRT,value_scaling_t0,wide,DEoptim,555,230.44445785506997
23,DFT_CRT,value_scaling_t0,wide,DEoptim,556,230.44445785506997
23,DFT_CRT,value_scaling_t0,wide,DEoptim,557,230.44445601411869
23,DFT_CRT,value_scaling_t0,wide,DEoptim,558,230.44445601411869
23,DFT_CRT,value_scaling_t0,wide,DEoptim,559,230.44445601411869
23,DFT_CRT,value_scaling_t0,wide,DEoptim,560,230.44445601411869
23,DFT_CRT,value_scaling_t0,wide,DEoptim,561,230.44445601411869
23,DFT_CRT,value_scaling_t0,wide,DEoptim,562,230.44445601411869
23,DFT_CRT,value_scaling_t0,wide,DEoptim,563,230.44445601411869
23,DFT_CRT,value_scaling_t0,wide,DEoptim,564,230.44445601411869
23,DFT_CRT,value_scaling_t0,wide,DEoptim,565,230.44445601411869
23,DFT_CRT,value_scaling_t0,wide,DEoptim,566,230.44445601411869
23,DFT_CRT,value_scaling_t0,wide,DEoptim,567,230.44445601411869
23,DFT_CRT,value_scaling_t0,wide,DEoptim,568,230.44445601411869
23,DFT_CRT,value_scaling_t0,wide,DEoptim,569,230.44445293760458
23,DFT_CRT,value_scaling_t0,wide,DEoptim,570,230.44445277927764
23,DFT_CRT,value_scaling_t0,wide,DEoptim,571,230.44445277927764
23,DFT_CRT,value_scaling_t0,wide,DEoptim,572,230.44445277927764
23,DFT_CRT,value_scaling_t0,wide,DEoptim,573,230.44445277927764
23,DFT_CRT,value_scaling_t0,wide,DEoptim,574,230.44445277927764
23,DFT_CRT,value_scaling_t0,wide,DEoptim,575,230.44445269656578
23,DFT_CRT,value_scaling_t0,wide,DEoptim,576,230.44445269656578
23,DFT_CRT,value_scaling_t0,wide,DEoptim,577,230.44445269656578
23,DFT_CRT,value_scaling_t0,wide,DEoptim,578,230.4444525245679
23,DFT_CRT,value_scaling_t0,wide,DEoptim,579,230.4444525245679
23,DFT_CRT,value_scaling_t0,wide,DEoptim,580,230.4444525245679
23,DFT_CRT,value_scaling_t0,wide,DEoptim,581,230.4444525245679
23,DFT_CRT,value_scaling_t0,wide,DEoptim,582,230.4444525245679
23,DFT_CRT,value_scaling_t0,wide,DEoptim,583,230.4444525245679
23,DFT_CRT,value_scaling_t0,wide,DEoptim,584,4.506070737496969e-144
23,DFT_CRT,value_scaling_t0,wide,DEoptim,585,5381512235207632e213
23,DFT_CRT,value_scaling_t0,wide,DEoptim,586,9.48643569367367e-53
23,DFT_CRT,value_scaling_t0,wide,DEoptim,587,7.856272516837054e-67
23,DFT_CRT,value_scaling_t0,wide,DEoptim,588,7.870608711480654e-77
23,DFT_CRT,value_scaling_t0,wide,DEoptim,589,1.4518710507977092e-57
23,DFT_CRT,value_scaling_t0,wide,DEoptim,590,7670155385588496e197
23,DFT_CRT,value_scaling_t0,wide,DEoptim,591,8.371489204396368e-144
23,DFT_CRT,value_scaling_t0,wide,DEoptim,592,4.50621784470016e-144
23,DFT_CRT,value_scaling_t0,wide,DEoptim,593,3.6701004113917263e-62
23,DFT_CRT,value_scaling_t0,wide,DEoptim,594,2.1823106312916623e-94
23,DFT_CRT,value_scaling_t0,wide,DEoptim,595,4.408058176948305e-62
23,DFT_CRT,value_scaling_t0,wide,DEoptim,596,22540560371959833e158
23,DFT_CRT,value_scaling_t0,wide,DEoptim,597,2.2087329935150107e-62
23,DFT_CRT,value_scaling_t0,wide,DEoptim,598,1.2439550189545709e-47
23,DFT_CRT,value_scaling_t0,wide,DEoptim,599,800801576850327e145
23,DFT_CRT,value_scaling_t0,wide,DEoptim,600,9.486435693673665e-53
23,DFT_CRT,value_scaling_t0,wide,DEoptim,601,7.856272516837054e-67
23,DFT_CRT,value_scaling_t0,wide,DEoptim,602,7.870608711480654e-77
23,DFT_CRT,value_scaling_t0,wide,DEoptim,603,5.158082142023478e-72
23,DFT_CRT,value_scaling_t0,wide,DEoptim,604,1.1497976761810944e-28
23,DFT_CRT,value_scaling_t0,wide,DEoptim,605,8.051092371809647e-144
23,DFT_CRT,value_scaling_t0,wide,DEoptim,606,9.42874335491433e-143
23,DFT_CRT,value_scaling_t0,wide,DEoptim,607,3.380400635862469e-67
23,DFT_CRT,value_scaling_t0,wide,DEoptim,608,7.750838882031379e-144
23,DFT_CRT,value_scaling_t0,wide,DEoptim,609,8.371450107105937e-144
23,DFT_CRT,value_scaling_t0,wide,DEoptim,610,1.148318561983518e-28
23,DFT_CRT,value_scaling_t0,wide,DEoptim,611,4.3244978791462365e-96
23,DFT_CRT,value_scaling_t0,wide,DEoptim,612,4.6649219894370754e-86
23,DFT_CRT,value_scaling_t0,wide,DEoptim,613,1.1488116000493397e-28
23,DFT_CRT,value_scaling_t0,wide,DEoptim,614,37634503646130415e183
23,DFT_CRT,value_scaling_t0,wide,DEoptim,615,8.371469652803646e-144
23,DFT_CRT,value_scaling_t0,wide,DEoptim,616,4.506060971247719e-144
23,DFT_CRT,value_scaling_t0,wide,DEoptim,617,4.506055902407716e-144
23,DFT_CRT,value_scaling_t0,wide,DEoptim,618,4.261250351375409e-96
23,DFT_CRT,value_scaling_t0,wide,DEoptim,619,9.968639408524333e-143
23,DFT_CRT,value_scaling_t0,wide,DEoptim,620,5331796576433915e213
23,DFT_CRT,value_scaling_t0,wide,DEoptim,621,1.4796767251341776e-76
23,DFT_CRT,value_scaling_t0,wide,DEoptim,622,4.082956776181026e-33
23,DFT_CRT,value_scaling_t0,wide,DEoptim,623,1.392746863451868e-142
23,DFT_CRT,value_scaling_t0,wide,DEoptim,624,4.260321674119987e-96
23,DFT_CRT,value_scaling_t0,wide,DEoptim,625,14402603737335664e198
23,DFT_CRT,value_scaling_t0,wide,DEoptim,626,1.148565081020428e-28
23,DFT_CRT,value_scaling_t0,wide,DEoptim,627,4.259428882163644e-96
23,DFT_CRT,value_scaling_t0,wide,DEoptim,628,3483202550526979e213
23,DFT_CRT,value_scaling_t0,wide,DEoptim,629,4.506212994353122e-144
23,DFT_CRT,value_scaling_t0,wide,DEoptim,630,1.5765143032030427e-52
23,DFT_CRT,value_scaling_t0,wide,DEoptim,631,8.371474540701757e-144
23,DFT_CRT,value_scaling_t0,wide,DEoptim,632,8.371479428599936e-144
23,DFT_CRT,value_scaling_t0,wide,DEoptim,633,8.371484316498122e-144
23,DFT_CRT,value_scaling_t0,wide,DEoptim,634,1.1500441952169737e-28
23,DFT_CRT,value_scaling_t0,wide,DEoptim,635,4.318111493510518e-96
23,DFT_CRT,value_scaling_t0,wide,DEoptim,636,3.6462602629333444e-86
23,DFT_CRT,value_scaling_t0,wide,DEoptim,637,5811896822146185e279
23,DFT_CRT,value_scaling_t0,wide,DEoptim,638,3.380400646284064e-67
23,DFT_CRT,value_scaling_t0,wide,DEoptim,639,8.371454989109032e-144
23,DFT_CRT,value_scaling_t0,wide,DEoptim,640,4.506234914006312e-144
23,DFT_CRT,value_scaling_t0,wide,DEoptim,641,2.40463646836726e-57
23,DFT_CRT,value_scaling_t0,wide,DEoptim,642,8.371464764905398e-144
23,DFT_CRT,value_scaling_t0,wide,DEoptim,643,4.506212994355295e-144
23,DFT_CRT,value_scaling_t0,wide,DEoptim,644,1.5765143032030427e-52
23,DFT_CRT,value_scaling_t0,wide,DEoptim,645,8.371474540701757e-144
23,DFT_CRT,value_scaling_t0,wide,DEoptim,646,8.371479428599936e-144
23,DFT_CRT,value_scaling_t0,wide,DEoptim,647,8.371484316498127e-144
23,DFT_CRT,value_scaling_t0,wide,DEoptim,648,1.1500441952169737e-28
23,DFT_CRT,value_scaling_t0,wide,DEoptim,649,4.318111493510518e-96
23,DFT_CRT,value_scaling_t0,wide,DEoptim,650,3.6462602629333444e-86
23,DFT_CRT,value_scaling_t0,wide,DEoptim,651,581690585614919e280
23,DFT_CRT,value_scaling_t0,wide,DEoptim,652,3.380400646284064e-67
23,DFT_CRT,value_scaling_t0,wide,DEoptim,653,8.371454989109032e-144
23,DFT_CRT,value_scaling_t0,wide,DEoptim,654,4.506234914006312e-144
23,DFT_CRT,value_scaling_t0,wide,DEoptim,655,6.776328822035684e-43
23,DFT_CRT,value_scaling_t0,wide,DEoptim,656,8.3714647649054e-144
23,DFT_CRT,value_scaling_t0,wide,DEoptim,657,4.506212994355295e-144
23,DFT_CRT,value_scaling_t0,wide,DEoptim,658,1.5765143032030427e-52
23,DFT_CRT,value_scaling_t0,wide,DEoptim,659,8.371474540701757e-144
23,DFT_CRT,value_scaling_t0,wide,DEoptim,660,8.371479428599936e-144
23,DFT_CRT,value_scaling_t0,wide,DEoptim,661,1.1497976761808657e-28
23,DFT_CRT,value_scaling_t0,wide,DEoptim,662,8.051092371809647e-144
23,DFT_CRT,value_scaling_t0,wide,DEoptim,663,9.42874335491433e-143
23,DFT_CRT,value_scaling_t0,wide,DEoptim,664,3.380400635862469e-67
23,DFT_CRT,value_scaling_t0,wide,DEoptim,665,6.146674747641075e-144
23,DFT_CRT,value_scaling_t0,wide,DEoptim,666,8.371450107105937e-144
23,DFT_CRT,value_scaling_t0,wide,DEoptim,667,1.148318561983518e-28
23,DFT_CRT,value_scaling_t0,wide,DEoptim,668,4.3244978791462365e-96
23,DFT_CRT,value_scaling_t0,wide,DEoptim,669,3.660325102698549e-86
23,DFT_CRT,value_scaling_t0,wide,DEoptim,670,1.14881160004934e-28
23,DFT_CRT,value_scaling_t0,wide,DEoptim,671,37634503646130415e183
23,DFT_CRT,value_scaling_t0,wide,DEoptim,672,8.371469652803646e-144
23,DFT_CRT,value_scaling_t0,wide,DEoptim,673,4.506060971247719e-144
23,DFT_CRT,value_scaling_t0,wide,DEoptim,674,4.506055902407716e-144
23,DFT_CRT,value_scaling_t0,wide,DEoptim,675,4.506060790305898e-144
23,DFT_CRT,value_scaling_t0,wide,DEoptim,676,4.3190747978675e-96
23,DFT_CRT,value_scaling_t0,wide,DEoptim,677,20264014440518255e251
23,DFT_CRT,value_scaling_t0,wide,DEoptim,678,5.186813549673559e-144
23,DFT_CRT,value_scaling_t0,wide,DEoptim,679,4.854839218972256e-33
23,DFT_CRT,value_scaling_t0,wide,DEoptim,680,5.229979425972884e-72
23,DFT_CRT,value_scaling_t0,wide,DEoptim,681,4.50606338611029e-144
23,DFT_CRT,value_scaling_t0,wide,DEoptim,682,19961159735324444e145
23,DFT_CRT,value_scaling_t0,wide,DEoptim,683,8.371459877007293e-144
23,DFT_CRT,value_scaling_t0,wide,DEoptim,684,4.506065887785783e-144
23,DFT_CRT,value_scaling_t0,wide,DEoptim,685,5381512235207632e213
23,DFT_CRT,value_scaling_t0,wide,DEoptim,686,9.48643569367367e-53
23,DFT_CRT,value_scaling_t0,wide,DEoptim,687,7.856272516837054e-67
23,DFT_CRT,value_scaling_t0,wide,DEoptim,688,7.870608711480654e-77
23,DFT_CRT,value_scaling_t0,wide,DEoptim,689,3.380400712596507e-67
23,DFT_CRT,value_scaling_t0,wide,DEoptim,690,7670155385588496e197
23,DFT_CRT,value_scaling_t0,wide,DEoptim,691,8.371489204396368e-144
23,DFT_CRT,value_scaling_t0,wide,DEoptim,692,4.50621784470016e-144
23,DFT_CRT,value_scaling_t0,wide,DEoptim,693,8.546223840161726e-72
23,DFT_CRT,value_scaling_t0,wide,DEoptim,694,2.1823083542469435e-94
23,DFT_CRT,value_scaling_t0,wide,DEoptim,695,4.408058176948305e-62
23,DFT_CRT,value_scaling_t0,wide,DEoptim,696,22540560371959833e158
23,DFT_CRT,value_scaling_t0,wide,DEoptim,697,2.2087329935150107e-62
23,DFT_CRT,value_scaling_t0,wide,DEoptim,698,3.21494873741112e-57
23,DFT_CRT,value_scaling_t0,wide,DEoptim,699,5248133214046303e149
23,DFT_CRT,value_scaling_t0,wide,DEoptim,700,8.4114976920586235e-143
23,DFT_CRT,value_scaling_t0,wide,DEoptim,701,4.894231245757531e-62
23,DFT_CRT,value_scaling_t0,wide,DEoptim,702,7.090092481255788e-144
23,DFT_CRT,value_scaling_t0,wide,DEoptim,703,7.410425776330395e-144
23,DFT_CRT,value_scaling_t0,wide,DEoptim,704,7.730759072156358e-144
23,DFT_CRT,value_scaling_t0,wide,DEoptim,705,1.7499384912320404e-33
23,DFT_CRT,value_scaling_t0,wide,DEoptim,706,1143656011932e231
23,DFT_CRT,value_scaling_t0,wide,DEoptim,707,8.371445498970012e-144
23,DFT_CRT,value_scaling_t0,wide,DEoptim,708,6.384170074233117e-67
23,DFT_CRT,value_scaling_t0,wide,DEoptim,709,1.148072340266789e-28
23,DFT_CRT,value_scaling_t0,wide,DEoptim,710,5.808759300412299e-144
23,DFT_CRT,value_scaling_t0,wide,DEoptim,711,1.3008381595645414e-142
23,DFT_CRT,value_scaling_t0,wide,DEoptim,712,1.1395270111142506e-71
23,DFT_CRT,value_scaling_t0,wide,DEoptim,713,6.449425890798069e-144
23,DFT_CRT,value_scaling_t0,wide,DEoptim,714,3512779733465568e136
23,DFT_CRT,value_scaling_t0,wide,DEoptim,715,1.1490581190856763e-28
23,DFT_CRT,value_scaling_t0,wide,DEoptim,716,4.259418166765855e-96
23,DFT_CRT,value_scaling_t0,wide,DEoptim,717,4.257521688567133e-96
23,DFT_CRT,value_scaling_t0,wide,DEoptim,718,6.474403507552857e-144
23,DFT_CRT,value_scaling_t0,wide,DEoptim,719,13378129467774362e232
23,DFT_CRT,value_scaling_t0,wide,DEoptim,720,7670155410670779e197
23,DFT_CRT,value_scaling_t0,wide,DEoptim,721,5.142607127590161e-72
23,DFT_CRT,value_scaling_t0,wide,DEoptim,722,8.227181416416903e-67
23,DFT_CRT,value_scaling_t0,wide,DEoptim,723,2118166613387281e270
23,DFT_CRT,value_scaling_t0,wide,DEoptim,724,6.149065004583855e-144
23,DFT_CRT,value_scaling_t0,wide,DEoptim,725,2610784366674446e165
23,DFT_CRT,value_scaling_t0,wide,DEoptim,726,6.129092600876211e-144
23,DFT_CRT,value_scaling_t0,wide,DEoptim,727,6.475713408247296e-144
23,DFT_CRT,value_scaling_t0,wide,DEoptim,728,23514396436797673e164
23,DFT_CRT,value_scaling_t0,wide,DEoptim,729,4.316296764214947e-96
23,DFT_CRT,value_scaling_t0,wide,DEoptim,730,3.861401571037509e-86
23,DFT_CRT,value_scaling_t0,wide,DEoptim,731,1.1493046381149876e-28
23,DFT_CRT,value_scaling_t0,wide,DEoptim,732,1.14955115714775e-28
23,DFT_CRT,value_scaling_t0,wide,DEoptim,733,7.730759071863824e-144
23,DFT_CRT,value_scaling_t0,wide,DEoptim,734,1.7499385315670154e-33
23,DFT_CRT,value_scaling_t0,wide,DEoptim,735,11451137975065735e227
23,DFT_CRT,value_scaling_t0,wide,DEoptim,736,8.371445498970012e-144
23,DFT_CRT,value_scaling_t0,wide,DEoptim,737,3.888115730136836e-33
23,DFT_CRT,value_scaling_t0,wide,DEoptim,738,1.148072340266789e-28
23,DFT_CRT,value_scaling_t0,wide,DEoptim,739,5.808759300412299e-144
23,DFT_CRT,value_scaling_t0,wide,DEoptim,740,1.3008381595645414e-142
23,DFT_CRT,value_scaling_t0,wide,DEoptim,741,1.6524185438103998e-76
23,DFT_CRT,value_scaling_t0,wide,DEoptim,742,6.449425891094655e-144
23,DFT_CRT,value_scaling_t0,wide,DEoptim,743,8.411497598705291e-143
23,DFT_CRT,value_scaling_t0,wide,DEoptim,744,4.894231245757531e-62
23,DFT_CRT,value_scaling_t0,wide,DEoptim,745,7.090092481255788e-144
23,DFT_CRT,value_scaling_t0,wide,DEoptim,746,7.410425776330395e-144
23,DFT_CRT,value_scaling_t0,wide,DEoptim,747,4.5060756064116374e-144
23,DFT_CRT,value_scaling_t0,wide,DEoptim,748,4.3190747978675e-96
23,DFT_CRT,value_scaling_t0,wide,DEoptim,749,20264014440518255e251
23,DFT_CRT,value_scaling_t0,wide,DEoptim,750,5.186813549673559e-144
23,DFT_CRT,value_scaling_t0,wide,DEoptim,751,2.526197992774029e-52
23,DFT_CRT,value_scaling_t0,wide,DEoptim,752,5.229979425972634e-72
23,DFT_CRT,value_scaling_t0,wide,DEoptim,753,4.50606338611029e-144
23,DFT_CRT,value_scaling_t0,wide,DEoptim,754,19961159735324444e145
23,DFT_CRT,value_scaling_t0,wide,DEoptim,755,8.371459877007293e-144
23,DFT_CRT,value_scaling_t0,wide,DEoptim,756,4.506075596755559e-144
23,DFT_CRT,value_scaling_t0,wide,DEoptim,757,3762022704451281e184
23,DFT_CRT,value_scaling_t0,wide,DEoptim,758,8.371469652803646e-144
23,DFT_CRT,value_scaling_t0,wide,DEoptim,759,4.506060971247719e-144
23,DFT_CRT,value_scaling_t0,wide,DEoptim,760,4.506055902407716e-144
23,DFT_CRT,value_scaling_t0,wide,DEoptim,761,4.506060790305898e-144
23,DFT_CRT,value_scaling_t0,wide,DEoptim,762,4.3190747978675e-96
23,DFT_CRT,value_scaling_t0,wide,DEoptim,763,20264014440518255e251
23,DFT_CRT,value_scaling_t0,wide,DEoptim,764,5.186813549673559e-144
23,DFT_CRT,value_scaling_t0,wide,DEoptim,765,6.821319946462828e-38
23,DFT_CRT,value_scaling_t0,wide,DEoptim,766,5.229979425973914e-72
23,DFT_CRT,value_scaling_t0,wide,DEoptim,767,4.50606338611029e-144
23,DFT_CRT,value_scaling_t0,wide,DEoptim,768,19961159735324444e145
23,DFT_CRT,value_scaling_t0,wide,DEoptim,769,8.371459877007293e-144
23,DFT_CRT,value_scaling_t0,wide,DEoptim,770,4.506068284001639e-144
23,DFT_CRT,value_scaling_t0,wide,DEoptim,771,30882938249507892e246
23,DFT_CRT,value_scaling_t0,wide,DEoptim,772,9.486435693673637e-53
23,DFT_CRT,value_scaling_t0,wide,DEoptim,773,7.856272516837054e-67
23,DFT_CRT,value_scaling_t0,wide,DEoptim,774,7.870608711480654e-77
23,DFT_CRT,value_scaling_t0,wide,DEoptim,775,3.380400712596507e-67
23,DFT_CRT,value_scaling_t0,wide,DEoptim,776,3982572371306514e231
23,DFT_CRT,value_scaling_t0,wide,DEoptim,777,8.371489204396376e-144
23,DFT_CRT,value_scaling_t0,wide,DEoptim,778,4.506217844961051e-144
23,DFT_CRT,value_scaling_t0,wide,DEoptim,779,2.908129276566384e-33
23,DFT_CRT,value_scaling_t0,wide,DEoptim,780,2.1823026482041522e-94
23,DFT_CRT,value_scaling_t0,wide,DEoptim,781,4.408058176948305e-62
23,DFT_CRT,value_scaling_t0,wide,DEoptim,782,22540560371959833e158
23,DFT_CRT,value_scaling_t0,wide,DEoptim,783,2.2087329935150107e-62
23,DFT_CRT,value_scaling_t0,wide,DEoptim,784,3.53355010358021e-57
23,DFT_CRT,value_scaling_t0,wide,DEoptim,785,800801576850327e145
23,DFT_CRT,value_scaling_t0,wide,DEoptim,786,8.411497143006805e-143
23,DFT_CRT,value_scaling_t0,wide,DEoptim,787,4.894231245757531e-62
23,DFT_CRT,value_scaling_t0,wide,DEoptim,788,7.090092481255788e-144
23,DFT_CRT,value_scaling_t0,wide,DEoptim,789,7.410425776330395e-144
23,DFT_CRT,value_scaling_t0,wide,DEoptim,790,4.5060756064116374e-144
23,DFT_CRT,value_scaling_t0,wide,DEoptim,791,4.3190747978675e-96
23,DFT_CRT,value_scaling_t0,wide,DEoptim,792,20264014440518255e251
23,DFT_CRT,value_scaling_t0,wide,DEoptim,793,5.186813549673559e-144
23,DFT_CRT,value_scaling_t0,wide,DEoptim,794,7.498408927675906e-67
23,DFT_CRT,value_scaling_t0,wide,DEoptim,795,5.22997942597289e-72
23,DFT_CRT,value_scaling_t0,wide,DEoptim,796,4.50606338611029e-144
23,DFT_CRT,value_scaling_t0,wide,DEoptim,797,19961159735324444e145
23,DFT_CRT,value_scaling_t0,wide,DEoptim,798,8.371459877007293e-144
23,DFT_CRT,value_scaling_t0,wide,DEoptim,799,4.506056073803443e-144
23,DFT_CRT,value_scaling_t0,wide,DEoptim,800,5381512235207632e213
23,DFT_CRT,value_scaling_t0,wide,DEoptim,801,9.48643569367367e-53
23,DFT_CRT,value_scaling_t0,wide,DEoptim,802,7.856272516837054e-67
23,DFT_CRT,value_scaling_t0,wide,DEoptim,803,7.870608711480654e-77
23,DFT_CRT,value_scaling_t0,wide,DEoptim,804,2.2153794110072467e-62
23,DFT_CRT,value_scaling_t0,wide,DEoptim,805,8.37148431649812e-144
23,DFT_CRT,value_scaling_t0,wide,DEoptim,806,1.150044195217377e-28
23,DFT_CRT,value_scaling_t0,wide,DEoptim,807,4.31811159112148e-96
23,DFT_CRT,value_scaling_t0,wide,DEoptim,808,3.847336731271939e-86
23,DFT_CRT,value_scaling_t0,wide,DEoptim,809,5814406183476733e279
23,DFT_CRT,value_scaling_t0,wide,DEoptim,810,3.380400646284064e-67
23,DFT_CRT,value_scaling_t0,wide,DEoptim,811,8.371454989109032e-144
23,DFT_CRT,value_scaling_t0,wide,DEoptim,812,4.506234914006312e-144
23,DFT_CRT,value_scaling_t0,wide,DEoptim,813,6.776328822035684e-43
23,DFT_CRT,value_scaling_t0,wide,DEoptim,814,8.3714647649054e-144
23,DFT_CRT,value_scaling_t0,wide,DEoptim,815,31513529148110508e217
23,DFT_CRT,value_scaling_t0,wide,DEoptim,816,1.4518710413021414e-57
23,DFT_CRT,value_scaling_t0,wide,DEoptim,817,6.217029227770868e-48
23,DFT_CRT,value_scaling_t0,wide,DEoptim,818,4.074392246994856e-43
23,DFT_CRT,value_scaling_t0,wide,DEoptim,819,4.5060707084108865e-144
23,DFT_CRT,value_scaling_t0,wide,DEoptim,820,4.3190747978675e-96
23,DFT_CRT,value_scaling_t0,wide,DEoptim,821,20264014440518255e251
23,DFT_CRT,value_scaling_t0,wide,DEoptim,822,5.186813549673559e-144
23,DFT_CRT,value_scaling_t0,wide,DEoptim,823,1.257143031134947e-71
23,DFT_CRT,value_scaling_t0,wide,DEoptim,824,5.229979425973402e-72
23,DFT_CRT,value_scaling_t0,wide,DEoptim,825,4.50606338611029e-144
23,DFT_CRT,value_scaling_t0,wide,DEoptim,826,19961159735324444e145
23,DFT_CRT,value_scaling_t0,wide,DEoptim,827,8.371459877007293e-144
23,DFT_CRT,value_scaling_t0,wide,DEoptim,828,4.506056073803443e-144
23,DFT_CRT,value_scaling_t0,wide,DEoptim,829,5381512235207632e213
23,DFT_CRT,value_scaling_t0,wide,DEoptim,830,9.48643569367367e-53
23,DFT_CRT,value_scaling_t0,wide,DEoptim,831,7.856272516837054e-67
23,DFT_CRT,value_scaling_t0,wide,DEoptim,832,7.870608711480654e-77
23,DFT_CRT,value_scaling_t0,wide,DEoptim,833,2.2153794110072467e-62
23,DFT_CRT,value_scaling_t0,wide,DEoptim,834,8.37148431649812e-144
23,DFT_CRT,value_scaling_t0,wide,DEoptim,835,1.150044195217377e-28
23,DFT_CRT,value_scaling_t0,wide,DEoptim,836,4.31811159112148e-96
23,DFT_CRT,value_scaling_t0,wide,DEoptim,837,3.6462602629333444e-86
23,DFT_CRT,value_scaling_t0,wide,DEoptim,838,5811891797368216e279
23,DFT_CRT,value_scaling_t0,wide,DEoptim,839,3.380400646284064e-67
23,DFT_CRT,value_scaling_t0,wide,DEoptim,840,8.371454989109032e-144
23,DFT_CRT,value_scaling_t0,wide,DEoptim,841,4.506234914006312e-144
23,DFT_CRT,value_scaling_t0,wide,DEoptim,842,2.404947619131153e-57
23,DFT_CRT,value_scaling_t0,wide,DEoptim,843,8.3714647649054e-144
23,DFT_CRT,value_scaling_t0,wide,DEoptim,844,3151318853771983e218
23,DFT_CRT,value_scaling_t0,wide,DEoptim,845,1.4518710413021414e-57
23,DFT_CRT,value_scaling_t0,wide,DEoptim,846,6.217029227770868e-48
23,DFT_CRT,value_scaling_t0,wide,DEoptim,847,4.074392246994856e-43
23,DFT_CRT,value_scaling_t0,wide,DEoptim,848,2.670193773055472e-38
23,DFT_CRT,value_scaling_t0,wide,DEoptim,849,4.506203244915682e-144
23,DFT_CRT,value_scaling_t0,wide,DEoptim,850,4263442416816553e165
23,DFT_CRT,value_scaling_t0,wide,DEoptim,851,1.147839930922494e-28
23,DFT_CRT,value_scaling_t0,wide,DEoptim,852,1.3709979693496524e-71
23,DFT_CRT,value_scaling_t0,wide,DEoptim,853,5.488812345587408e-144
23,DFT_CRT,value_scaling_t0,wide,DEoptim,854,3.3702583085002604e-67
23,DFT_CRT,value_scaling_t0,wide,DEoptim,855,4825913026064498e261
23,DFT_CRT,value_scaling_t0,wide,DEoptim,856,1.4518710318065737e-57
23,DFT_CRT,value_scaling_t0,wide,DEoptim,857,1.4475149072212433e-57
23,DFT_CRT,value_scaling_t0,wide,DEoptim,858,5818423473800337e165
23,DFT_CRT,value_scaling_t0,wide,DEoptim,859,6.769759190665868e-144
23,DFT_CRT,value_scaling_t0,wide,DEoptim,860,5.832544137620899e-144
23,DFT_CRT,value_scaling_t0,wide,DEoptim,861,5.168161140747349e-144
23,DFT_CRT,value_scaling_t0,wide,DEoptim,862,1.172335296212947e-47
23,DFT_CRT,value_scaling_t0,wide,DEoptim,863,3982572371306514e231
23,DFT_CRT,value_scaling_t0,wide,DEoptim,864,8.371489204396376e-144
23,DFT_CRT,value_scaling_t0,wide,DEoptim,865,4.506217844961051e-144
23,DFT_CRT,value_scaling_t0,wide,DEoptim,866,6.7692644898357284e-43
23,DFT_CRT,value_scaling_t0,wide,DEoptim,867,2.1823060548428965e-94
23,DFT_CRT,value_scaling_t0,wide,DEoptim,868,4.408058176948305e-62
23,DFT_CRT,value_scaling_t0,wide,DEoptim,869,22540560371959833e158
23,DFT_CRT,value_scaling_t0,wide,DEoptim,870,2.2087329935150107e-62
23,DFT_CRT,value_scaling_t0,wide,DEoptim,871,5.048886006380858e-38
23,DFT_CRT,value_scaling_t0,wide,DEoptim,872,800801576850327e145
23,DFT_CRT,value_scaling_t0,wide,DEoptim,873,9.486435693673665e-53
23,DFT_CRT,value_scaling_t0,wide,DEoptim,874,7.856272516837054e-67
23,DFT_CRT,value_scaling_t0,wide,DEoptim,875,7.870608711480654e-77
23,DFT_CRT,value_scaling_t0,wide,DEoptim,876,3.380400712596507e-67
23,DFT_CRT,value_scaling_t0,wide,DEoptim,877,7670155385588496e197
23,DFT_CRT,value_scaling_t0,wide,DEoptim,878,8.371489204396368e-144
23,DFT_CRT,value_scaling_t0,wide,DEoptim,879,4.50621784470016e-144
23,DFT_CRT,value_scaling_t0,wide,DEoptim,880,2.907753118374121e-33
23,DFT_CRT,value_scaling_t0,wide,DEoptim,881,2.1823094749101582e-94
23,DFT_CRT,value_scaling_t0,wide,DEoptim,882,4.408058176948305e-62
23,DFT_CRT,value_scaling_t0,wide,DEoptim,883,22540560371959833e158
23,DFT_CRT,value_scaling_t0,wide,DEoptim,884,2.2087329935150107e-62
23,DFT_CRT,value_scaling_t0,wide,DEoptim,885,2.088262090143982e-76
23,DFT_CRT,value_scaling_t0,wide,DEoptim,886,800801576850327e145
23,DFT_CRT,value_scaling_t0,wide,DEoptim,887,8.411497143006805e-143
23,DFT_CRT,value_scaling_t0,wide,DEoptim,888,4.894231245757531e-62
23,DFT_CRT,value_scaling_t0,wide,DEoptim,889,7.090092481255788e-144
23,DFT_CRT,value_scaling_t0,wide,DEoptim,890,7.410425776330395e-144
23,DFT_CRT,value_scaling_t0,wide,DEoptim,891,2.6701937210851786e-38
23,DFT_CRT,value_scaling_t0,wide,DEoptim,892,4.5062204193860503e-144
23,DFT_CRT,value_scaling_t0,wide,DEoptim,893,6077806797299741e165
23,DFT_CRT,value_scaling_t0,wide,DEoptim,894,1.147839930922494e-28
23,DFT_CRT,value_scaling_t0,wide,DEoptim,895,3.69783530498105e-57
23,DFT_CRT,value_scaling_t0,wide,DEoptim,896,5.4888123455874e-144
23,DFT_CRT,value_scaling_t0,wide,DEoptim,897,3.3702583085002604e-67
23,DFT_CRT,value_scaling_t0,wide,DEoptim,898,4825913026064498e261
23,DFT_CRT,value_scaling_t0,wide,DEoptim,899,1.4518710318065737e-57
23,DFT_CRT,value_scaling_t0,wide,DEoptim,900,1.4475149356894e-57
23,DFT_CRT,value_scaling_t0,wide,DEoptim,901,20264675274972964e251
23,DFT_CRT,value_scaling_t0,wide,DEoptim,902,6.769759190665868e-144
23,DFT_CRT,value_scaling_t0,wide,DEoptim,903,5.832544137620899e-144
23,DFT_CRT,value_scaling_t0,wide,DEoptim,904,5.168161140747349e-144
23,DFT_CRT,value_scaling_t0,wide,DEoptim,905,6.449494321739117e-144
23,DFT_CRT,value_scaling_t0,wide,DEoptim,906,18942346629521685e198
23,DFT_CRT,value_scaling_t0,wide,DEoptim,907,17105018144650006e240
23,DFT_CRT,value_scaling_t0,wide,DEoptim,908,5.14260712758836e-72
23,DFT_CRT,value_scaling_t0,wide,DEoptim,909,5.636628383980508e-38
23,DFT_CRT,value_scaling_t0,wide,DEoptim,910,21181666223025933e269
23,DFT_CRT,value_scaling_t0,wide,DEoptim,911,6.149065004583855e-144
23,DFT_CRT,value_scaling_t0,wide,DEoptim,912,2610784366674446e165
23,DFT_CRT,value_scaling_t0,wide,DEoptim,913,6.129092600876211e-144
23,DFT_CRT,value_scaling_t0,wide,DEoptim,914,6.791041419439809e-144
23,DFT_CRT,value_scaling_t0,wide,DEoptim,915,7893303014413662e150
23,DFT_CRT,value_scaling_t0,wide,DEoptim,916,4.316296763235406e-96
23,DFT_CRT,value_scaling_t0,wide,DEoptim,917,3.861401571037509e-86
23,DFT_CRT,value_scaling_t0,wide,DEoptim,918,1.1493046381149876e-28
23,DFT_CRT,value_scaling_t0,wide,DEoptim,919,1.14955115714775e-28
23,DFT_CRT,value_scaling_t0,wide,DEoptim,920,1.1497976761807465e-28
23,DFT_CRT,value_scaling_t0,wide,DEoptim,921,8.051092371809647e-144
23,DFT_CRT,value_scaling_t0,wide,DEoptim,922,9.42874335491433e-143
23,DFT_CRT,value_scaling_t0,wide,DEoptim,923,3.380400635862469e-67
23,DFT_CRT,value_scaling_t0,wide,DEoptim,924,7.758307533469974e-144
23,DFT_CRT,value_scaling_t0,wide,DEoptim,925,8.371450107105937e-144
23,DFT_CRT,value_scaling_t0,wide,DEoptim,926,1.148318561983518e-28
23,DFT_CRT,value_scaling_t0,wide,DEoptim,927,4.3244978791462365e-96
23,DFT_CRT,value_scaling_t0,wide,DEoptim,928,3.258172166021359e-86
23,DFT_CRT,value_scaling_t0,wide,DEoptim,929,1.1488116000494538e-28
23,DFT_CRT,value_scaling_t0,wide,DEoptim,930,37634503646130415e183
23,DFT_CRT,value_scaling_t0,wide,DEoptim,931,8.371469652803646e-144
23,DFT_CRT,value_scaling_t0,wide,DEoptim,932,4.506060971247719e-144
23,DFT_CRT,value_scaling_t0,wide,DEoptim,933,4.506055902407716e-144
23,DFT_CRT,value_scaling_t0,wide,DEoptim,934,4.5060656782040796e-144
23,DFT_CRT,value_scaling_t0,wide,DEoptim,935,4.312649065627135e-96
23,DFT_CRT,value_scaling_t0,wide,DEoptim,936,4088103933645383e218
23,DFT_CRT,value_scaling_t0,wide,DEoptim,937,5.186813549673559e-144
23,DFT_CRT,value_scaling_t0,wide,DEoptim,938,3.6941208669185983e-57
23,DFT_CRT,value_scaling_t0,wide,DEoptim,939,5.229979425973655e-72
23,DFT_CRT,value_scaling_t0,wide,DEoptim,940,4.50606338611029e-144
23,DFT_CRT,value_scaling_t0,wide,DEoptim,941,19961159735324444e145
23,DFT_CRT,value_scaling_t0,wide,DEoptim,942,8.371459877007293e-144
23,DFT_CRT,value_scaling_t0,wide,DEoptim,943,4.506070737496969e-144
23,DFT_CRT,value_scaling_t0,wide,DEoptim,944,3762022704451281e184
23,DFT_CRT,value_scaling_t0,wide,DEoptim,945,8.371469652803646e-144
23,DFT_CRT,value_scaling_t0,wide,DEoptim,946,4.506060971247719e-144
23,DFT_CRT,value_scaling_t0,wide,DEoptim,947,4.506055902407716e-144
23,DFT_CRT,value_scaling_t0,wide,DEoptim,948,4.506075454000443e-144
23,DFT_CRT,value_scaling_t0,wide,DEoptim,949,4.312649065627135e-96
23,DFT_CRT,value_scaling_t0,wide,DEoptim,950,4088103933645383e218
23,DFT_CRT,value_scaling_t0,wide,DEoptim,951,5.186813549673559e-144
23,DFT_CRT,value_scaling_t0,wide,DEoptim,952,1.4000713311686214e-76
23,DFT_CRT,value_scaling_t0,wide,DEoptim,953,5.229979425973398e-72
23,DFT_CRT,value_scaling_t0,wide,DEoptim,954,4.50606338611029e-144
23,DFT_CRT,value_scaling_t0,wide,DEoptim,955,19961159735324444e145
23,DFT_CRT,value_scaling_t0,wide,DEoptim,956,8.371459877007293e-144
23,DFT_CRT,value_scaling_t0,wide,DEoptim,957,4.5060756635828736e-144
23,DFT_CRT,value_scaling_t0,wide,DEoptim,958,5381512235207632e213
23,DFT_CRT,value_scaling_t0,wide,DEoptim,959,9.48643569367367e-53
23,DFT_CRT,value_scaling_t0,wide,DEoptim,960,7.856272516837054e-67
23,DFT_CRT,value_scaling_t0,wide,DEoptim,961,7.870608711480654e-77
23,DFT_CRT,value_scaling_t0,wide,DEoptim,962,5.158082142023478e-72
23,DFT_CRT,value_scaling_t0,wide,DEoptim,963,1.1497976761810944e-28
23,DFT_CRT,value_scaling_t0,wide,DEoptim,964,8.051092371809647e-144
23,DFT_CRT,value_scaling_t0,wide,DEoptim,965,9.42874335491433e-143
23,DFT_CRT,value_scaling_t0,wide,DEoptim,966,1.451871017840691e-57
23,DFT_CRT,value_scaling_t0,wide,DEoptim,967,8.071157609256059e-144
23,DFT_CRT,value_scaling_t0,wide,DEoptim,968,8.371450107105937e-144
23,DFT_CRT,value_scaling_t0,wide,DEoptim,969,1.148318561983518e-28
23,DFT_CRT,value_scaling_t0,wide,DEoptim,970,4.3244978791462365e-96
23,DFT_CRT,value_scaling_t0,wide,DEoptim,971,3.659539647744101e-86
23,DFT_CRT,value_scaling_t0,wide,DEoptim,972,1.1488116000493395e-28
23,DFT_CRT,value_scaling_t0,wide,DEoptim,973,37550536702031604e183
23,DFT_CRT,value_scaling_t0,wide,DEoptim,974,8.371469652803646e-144
23,DFT_CRT,value_scaling_t0,wide,DEoptim,975,4.506060971247719e-144
23,DFT_CRT,value_scaling_t0,wide,DEoptim,976,4.506055902407716e-144
23,DFT_CRT,value_scaling_t0,wide,DEoptim,977,7.750804342748261e-144
23,DFT_CRT,value_scaling_t0,wide,DEoptim,978,13378129467774362e232
23,DFT_CRT,value_scaling_t0,wide,DEoptim,979,7670155410670779e197
23,DFT_CRT,value_scaling_t0,wide,DEoptim,980,5.142607127590161e-72
23,DFT_CRT,value_scaling_t0,wide,DEoptim,981,1.4492253678365732e-47
23,DFT_CRT,value_scaling_t0,wide,DEoptim,982,21181665823829341e269
23,DFT_CRT,value_scaling_t0,wide,DEoptim,983,6.149065004583855e-144
23,DFT_CRT,value_scaling_t0,wide,DEoptim,984,2610784366674446e165
23,DFT_CRT,value_scaling_t0,wide,DEoptim,985,6.129092600876211e-144
23,DFT_CRT,value_scaling_t0,wide,DEoptim,986,6.475713408247296e-144
23,DFT_CRT,value_scaling_t0,wide,DEoptim,987,23514396436797673e164
23,DFT_CRT,value_scaling_t0,wide,DEoptim,988,4.316296764214947e-96
23,DFT_CRT,value_scaling_t0,wide,DEoptim,989,3.861401571037509e-86
23,DFT_CRT,value_scaling_t0,wide,DEoptim,990,1.1493046381149876e-28
23,DFT_CRT,value_scaling_t0,wide,DEoptim,991,1.14955115714775e-28
23,DFT_CRT,value_scaling_t0,wide,DEoptim,992,7.730759071863824e-144
23,DFT_CRT,value_scaling_t0,wide,DEoptim,993,1.7499385315670154e-33
23,DFT_CRT,value_scaling_t0,wide,DEoptim,994,11451137975065735e227
23,DFT_CRT,value_scaling_t0,wide,DEoptim,995,8.371445498970012e-144
23,DFT_CRT,value_scaling_t0,wide,DEoptim,996,2.7438616292707494e-57
23,DFT_CRT,value_scaling_t0,wide,DEoptim,997,1.148072340266789e-28
23,DFT_CRT,value_scaling_t0,wide,DEoptim,998,5.808759300412299e-144
23,DFT_CRT,value_scaling_t0,wide,DEoptim,999,1.3008381595645414e-142
23,DFT_CRT,value_scaling_t0,wide,DEoptim,1000,3.685016490684274e-33
23,DFT_CRT,value_scaling_t0,wide,DEoptim,1001,6.449425891245278e-144
23,DFT_CRT,value_scaling_t0,wide,DEoptim,1002,7671271985282857e136
23,DFT_CRT,value_scaling_t0,wide,DEoptim,1003,1.1490581190856763e-28
23,DFT_CRT,value_scaling_t0,wide,DEoptim,1004,4.259418166765855e-96
23,DFT_CRT,value_scaling_t0,wide,DEoptim,1005,4.257521688567133e-96
23,DFT_CRT,value_scaling_t0,wide,DEoptim,1006,7.108813588339002e-144
23,DFT_CRT,value_scaling_t0,wide,DEoptim,1007,13378129467774362e232
23,DFT_CRT,value_scaling_t0,wide,DEoptim,1008,7670155410670779e197
23,DFT_CRT,value_scaling_t0,wide,DEoptim,1009,5.142607127590161e-72
23,DFT_CRT,value_scaling_t0,wide,DEoptim,1010,6.743515935540207e-67
23,DFT_CRT,value_scaling_t0,wide,DEoptim,1011,21181666044896845e269
23,DFT_CRT,value_scaling_t0,wide,DEoptim,1012,6.149065004583855e-144
23,DFT_CRT,value_scaling_t0,wide,DEoptim,1013,2610784366674446e165
23,DFT_CRT,value_scaling_t0,wide,DEoptim,1014,6.129092600876211e-144
23,DFT_CRT,value_scaling_t0,wide,DEoptim,1015,6.476964614789607e-144
23,DFT_CRT,value_scaling_t0,wide,DEoptim,1016,23514396436797673e164
23,DFT_CRT,value_scaling_t0,wide,DEoptim,1017,4.316296764214947e-96
23,DFT_CRT,value_scaling_t0,wide,DEoptim,1018,3.861401571037509e-86
23,DFT_CRT,value_scaling_t0,wide,DEoptim,1019,1.1493046381149876e-28
23,DFT_CRT,value_scaling_t0,wide,DEoptim,1020,1.14955115714775e-28
23,DFT_CRT,value_scaling_t0,wide,DEoptim,1021,1.1497976761807465e-28
23,DFT_CRT,value_scaling_t0,wide,DEoptim,1022,8.051092371285524e-144
23,DFT_CRT,value_scaling_t0,wide,DEoptim,1023,9.42868864207806e-143
23,DFT_CRT,value_scaling_t0,wide,DEoptim,1024,3.380400635862469e-67
23,DFT_CRT,value_scaling_t0,wide,DEoptim,1025,7.755824481268305e-144
23,DFT_CRT,value_scaling_t0,wide,DEoptim,1026,8.371450107105937e-144
23,DFT_CRT,value_scaling_t0,wide,DEoptim,1027,1.148318561983518e-28
23,DFT_CRT,value_scaling_t0,wide,DEoptim,1028,4.3244978791462365e-96
23,DFT_CRT,value_scaling_t0,wide,DEoptim,1029,5.067074926114265e-86
23,DFT_CRT,value_scaling_t0,wide,DEoptim,1030,1.1488116000491088e-28
23,DFT_CRT,value_scaling_t0,wide,DEoptim,1031,4.316296764048399e-96
23,DFT_CRT,value_scaling_t0,wide,DEoptim,1032,3.861401571037509e-86
23,DFT_CRT,value_scaling_t0,wide,DEoptim,1033,1.1493046381149876e-28
23,DFT_CRT,value_scaling_t0,wide,DEoptim,1034,1.14955115714775e-28
23,DFT_CRT,value_scaling_t0,wide,DEoptim,1035,7.730759071713784e-144
23,DFT_CRT,value_scaling_t0,wide,DEoptim,1036,1.7499385315670154e-33
23,DFT_CRT,value_scaling_t0,wide,DEoptim,1037,11451137975065735e227
23,DFT_CRT,value_scaling_t0,wide,DEoptim,1038,8.371445498970012e-144
23,DFT_CRT,value_scaling_t0,wide,DEoptim,1039,1.1782112961344976e-47
23,DFT_CRT,value_scaling_t0,wide,DEoptim,1040,1.148072340266789e-28
23,DFT_CRT,value_scaling_t0,wide,DEoptim,1041,5.808759300412299e-144
23,DFT_CRT,value_scaling_t0,wide,DEoptim,1042,1.3008381595645414e-142
23,DFT_CRT,value_scaling_t0,wide,DEoptim,1043,7.468004220038352e-67
23,DFT_CRT,value_scaling_t0,wide,DEoptim,1044,6.449425890947236e-144
23,DFT_CRT,value_scaling_t0,wide,DEoptim,1045,7671271985282857e136
23,DFT_CRT,value_scaling_t0,wide,DEoptim,1046,1.1490581190856763e-28
23,DFT_CRT,value_scaling_t0,wide,DEoptim,1047,4.259418166765855e-96
23,DFT_CRT,value_scaling_t0,wide,DEoptim,1048,4.257521688567133e-96
23,DFT_CRT,value_scaling_t0,wide,DEoptim,1049,4.259350468393398e-96
23,DFT_CRT,value_scaling_t0,wide,DEoptim,1050,7.283712139079958e-143
23,DFT_CRT,value_scaling_t0,wide,DEoptim,1051,5249672145286667e218
23,DFT_CRT,value_scaling_t0,wide,DEoptim,1052,1.4796767251341754e-76
23,DFT_CRT,value_scaling_t0,wide,DEoptim,1053,4.179170729272416e-62
23,DFT_CRT,value_scaling_t0,wide,DEoptim,1054,1.392746863416208e-142
23,DFT_CRT,value_scaling_t0,wide,DEoptim,1055,4.260321674119987e-96
23,DFT_CRT,value_scaling_t0,wide,DEoptim,1056,14402603737335664e198
23,DFT_CRT,value_scaling_t0,wide,DEoptim,1057,1.148565081020428e-28
23,DFT_CRT,value_scaling_t0,wide,DEoptim,1058,4.257589386885301e-96
23,DFT_CRT,value_scaling_t0,wide,DEoptim,1059,3483202550526979e213
23,DFT_CRT,value_scaling_t0,wide,DEoptim,1060,4.506212994353122e-144
23,DFT_CRT,value_scaling_t0,wide,DEoptim,1061,1.5765143032030427e-52
23,DFT_CRT,value_scaling_t0,wide,DEoptim,1062,8.371474540701757e-144
23,DFT_CRT,value_scaling_t0,wide,DEoptim,1063,8.371479428599936e-144
23,DFT_CRT,value_scaling_t0,wide,DEoptim,1064,1.1497976761809794e-28
23,DFT_CRT,value_scaling_t0,wide,DEoptim,1065,8.051092371809647e-144
23,DFT_CRT,value_scaling_t0,wide,DEoptim,1066,9.42874335491433e-143
23,DFT_CRT,value_scaling_t0,wide,DEoptim,1067,5.158082024936629e-72
23,DFT_CRT,value_scaling_t0,wide,DEoptim,1068,7.11266025091603e-144
23,DFT_CRT,value_scaling_t0,wide,DEoptim,1069,8.371450107105937e-144
23,DFT_CRT,value_scaling_t0,wide,DEoptim,1070,1.148318561983518e-28
23,DFT_CRT,value_scaling_t0,wide,DEoptim,1071,4.3244978791462365e-96
23,DFT_CRT,value_scaling_t0,wide,DEoptim,1072,3.258172166021359e-86
23,DFT_CRT,value_scaling_t0,wide,DEoptim,1073,1.1488116000491103e-28
23,DFT_CRT,value_scaling_t0,wide,DEoptim,1074,37550536702031604e183
23,DFT_CRT,value_scaling_t0,wide,DEoptim,1075,8.371469652803646e-144
23,DFT_CRT,value_scaling_t0,wide,DEoptim,1076,4.506060971247719e-144
23,DFT_CRT,value_scaling_t0,wide,DEoptim,1077,4.506055902407716e-144
23,DFT_CRT,value_scaling_t0,wide,DEoptim,1078,4.259410856042564e-96
23,DFT_CRT,value_scaling_t0,wide,DEoptim,1079,9.968639408524333e-143
23,DFT_CRT,value_scaling_t0,wide,DEoptim,1080,5331796576433915e213
23,DFT_CRT,value_scaling_t0,wide,DEoptim,1081,1.4796767251341776e-76
23,DFT_CRT,value_scaling_t0,wide,DEoptim,1082,4.184868055430785e-62
23,DFT_CRT,value_scaling_t0,wide,DEoptim,1083,1.3927468634874817e-142
23,DFT_CRT,value_scaling_t0,wide,DEoptim,1084,4.260321674119987e-96
23,DFT_CRT,value_scaling_t0,wide,DEoptim,1085,14402603737335664e198
23,DFT_CRT,value_scaling_t0,wide,DEoptim,1086,1.148565081020428e-28
23,DFT_CRT,value_scaling_t0,wide,DEoptim,1087,4.261250518372789e-96
23,DFT_CRT,value_scaling_t0,wide,DEoptim,1088,3483202550526979e213
23,DFT_CRT,value_scaling_t0,wide,DEoptim,1089,4.506212994353122e-144
23,DFT_CRT,value_scaling_t0,wide,DEoptim,1090,1.5765143032030427e-52
23,DFT_CRT,value_scaling_t0,wide,DEoptim,1091,8.371474540701757e-144
23,DFT_CRT,value_scaling_t0,wide,DEoptim,1092,8.371479428599936e-144
23,DFT_CRT,value_scaling_t0,wide,DEoptim,1093,7.73075907216101e-144
23,DFT_CRT,value_scaling_t0,wide,DEoptim,1094,1.7499385315670154e-33
23,DFT_CRT,value_scaling_t0,wide,DEoptim,1095,11451137975065735e227
23,DFT_CRT,value_scaling_t0,wide,DEoptim,1096,8.371445498970012e-144
23,DFT_CRT,value_scaling_t0,wide,DEoptim,1097,1.3129196448829521e-47
23,DFT_CRT,value_scaling_t0,wide,DEoptim,1098,1.148072340266789e-28
23,DFT_CRT,value_scaling_t0,wide,DEoptim,1099,5.808759300412299e-144
23,DFT_CRT,value_scaling_t0,wide,DEoptim,1100,1.3008381595645414e-142
23,DFT_CRT,value_scaling_t0,wide,DEoptim,1101,3.685016490684274e-33
23,DFT_CRT,value_scaling_t0,wide,DEoptim,1102,6.449425890946071e-144
23,DFT_CRT,value_scaling_t0,wide,DEoptim,1103,7671271985282857e136
23,DFT_CRT,value_scaling_t0,wide,DEoptim,1104,1.1490581190856763e-28
23,DFT_CRT,value_scaling_t0,wide,DEoptim,1105,4.259418166765855e-96
23,DFT_CRT,value_scaling_t0,wide,DEoptim,1106,4.257521688567133e-96
23,DFT_CRT,value_scaling_t0,wide,DEoptim,1107,4.2648368078715526e-96
23,DFT_CRT,value_scaling_t0,wide,DEoptim,1108,7.283712139079958e-143
23,DFT_CRT,value_scaling_t0,wide,DEoptim,1109,5249672145286667e218
23,DFT_CRT,value_scaling_t0,wide,DEoptim,1110,1.4796767251341754e-76
23,DFT_CRT,value_scaling_t0,wide,DEoptim,1111,8.605329969131886e-67
23,DFT_CRT,value_scaling_t0,wide,DEoptim,1112,1.392746863475734e-142
23,DFT_CRT,value_scaling_t0,wide,DEoptim,1113,4.260321674119987e-96
23,DFT_CRT,value_scaling_t0,wide,DEoptim,1114,14402603737335664e198
23,DFT_CRT,value_scaling_t0,wide,DEoptim,1115,1.148565081020428e-28
23,DFT_CRT,value_scaling_t0,wide,DEoptim,1116,4.2575750999242105e-96
23,DFT_CRT,value_scaling_t0,wide,DEoptim,1117,6670982989156401e136
23,DFT_CRT,value_scaling_t0,wide,DEoptim,1118,1.1490581190856763e-28
23,DFT_CRT,value_scaling_t0,wide,DEoptim,1119,4.259418166765855e-96
23,DFT_CRT,value_scaling_t0,wide,DEoptim,1120,4.257521688567133e-96
23,DFT_CRT,value_scaling_t0,wide,DEoptim,1121,5.829983011290796e-144
23,DFT_CRT,value_scaling_t0,wide,DEoptim,1122,13378129467774362e232
23,DFT_CRT,value_scaling_t0,wide,DEoptim,1123,7670155410670779e197
23,DFT_CRT,value_scaling_t0,wide,DEoptim,1124,5.142607127590161e-72
23,DFT_CRT,value_scaling_t0,wide,DEoptim,1125,4.1763403600180285e-62
23,DFT_CRT,value_scaling_t0,wide,DEoptim,1126,21181666179058298e269
23,DFT_CRT,value_scaling_t0,wide,DEoptim,1127,6.149065004583855e-144
23,DFT_CRT,value_scaling_t0,wide,DEoptim,1128,2610784366674446e165
23,DFT_CRT,value_scaling_t0,wide,DEoptim,1129,6.129092600876211e-144
23,DFT_CRT,value_scaling_t0,wide,DEoptim,1130,6.468205482154829e-144
23,DFT_CRT,value_scaling_t0,wide,DEoptim,1131,3925523001091327e237
23,DFT_CRT,value_scaling_t0,wide,DEoptim,1132,6.769759190665868e-144
23,DFT_CRT,value_scaling_t0,wide,DEoptim,1133,5.832544137620899e-144
23,DFT_CRT,value_scaling_t0,wide,DEoptim,1134,5.168161140747349e-144
23,DFT_CRT,value_scaling_t0,wide,DEoptim,1135,6.449494321739117e-144
23,DFT_CRT,value_scaling_t0,wide,DEoptim,1136,18942346629521685e198
23,DFT_CRT,value_scaling_t0,wide,DEoptim,1137,17105018144650006e240
23,DFT_CRT,value_scaling_t0,wide,DEoptim,1138,5.14260712758836e-72
23,DFT_CRT,value_scaling_t0,wide,DEoptim,1139,3.933253825726578e-62
23,DFT_CRT,value_scaling_t0,wide,DEoptim,1140,2118166622319973e270
23,DFT_CRT,value_scaling_t0,wide,DEoptim,1141,6.149065004583855e-144
23,DFT_CRT,value_scaling_t0,wide,DEoptim,1142,2610784366674446e165
23,DFT_CRT,value_scaling_t0,wide,DEoptim,1143,6.129092600876211e-144
23,DFT_CRT,value_scaling_t0,wide,DEoptim,1144,5.836298005237663e-144
23,DFT_CRT,value_scaling_t0,wide,DEoptim,1145,7893303014413662e150
23,DFT_CRT,value_scaling_t0,wide,DEoptim,1146,4.316296763235406e-96
23,DFT_CRT,value_scaling_t0,wide,DEoptim,1147,3.861401571037509e-86
23,DFT_CRT,value_scaling_t0,wide,DEoptim,1148,1.1493046381149876e-28
23,DFT_CRT,value_scaling_t0,wide,DEoptim,1149,1.14955115714775e-28
23,DFT_CRT,value_scaling_t0,wide,DEoptim,1150,1.1497976761808613e-28
23,DFT_CRT,value_scaling_t0,wide,DEoptim,1151,8.051092371285524e-144
23,DFT_CRT,value_scaling_t0,wide,DEoptim,1152,9.42868864207806e-143
23,DFT_CRT,value_scaling_t0,wide,DEoptim,1153,5.158082024936629e-72
23,DFT_CRT,value_scaling_t0,wide,DEoptim,1154,7.748336240125736e-144
23,DFT_CRT,value_scaling_t0,wide,DEoptim,1155,8.371450107105937e-144
23,DFT_CRT,value_scaling_t0,wide,DEoptim,1156,1.148318561983518e-28
23,DFT_CRT,value_scaling_t0,wide,DEoptim,1157,4.3244978791462365e-96
23,DFT_CRT,value_scaling_t0,wide,DEoptim,1158,5.067074926114265e-86
23,DFT_CRT,value_scaling_t0,wide,DEoptim,1159,1.1488116000495693e-28
23,DFT_CRT,value_scaling_t0,wide,DEoptim,1160,37634503646130415e183
23,DFT_CRT,value_scaling_t0,wide,DEoptim,1161,8.371469652803646e-144
23,DFT_CRT,value_scaling_t0,wide,DEoptim,1162,4.506060971247719e-144
23,DFT_CRT,value_scaling_t0,wide,DEoptim,1163,4.506055902407716e-144
23,DFT_CRT,value_scaling_t0,wide,DEoptim,1164,4.263061272023472e-96
23,DFT_CRT,value_scaling_t0,wide,DEoptim,1165,9.968639408524333e-143
23,DFT_CRT,value_scaling_t0,wide,DEoptim,1166,5331796576433915e213
23,DFT_CRT,value_scaling_t0,wide,DEoptim,1167,1.4796767251341776e-76
23,DFT_CRT,value_scaling_t0,wide,DEoptim,1168,2.740105922695975e-57
23,DFT_CRT,value_scaling_t0,wide,DEoptim,1169,1.3927468634279067e-142
23,DFT_CRT,value_scaling_t0,wide,DEoptim,1170,4.260321674119987e-96
23,DFT_CRT,value_scaling_t0,wide,DEoptim,1171,14402603737335664e198
23,DFT_CRT,value_scaling_t0,wide,DEoptim,1172,1.148565081020428e-28
23,DFT_CRT,value_scaling_t0,wide,DEoptim,1173,4.264911650242004e-96
23,DFT_CRT,value_scaling_t0,wide,DEoptim,1174,6670982989156401e136
23,DFT_CRT,value_scaling_t0,wide,DEoptim,1175,1.1490581190856763e-28
23,DFT_CRT,value_scaling_t0,wide,DEoptim,1176,4.259418166765855e-96
23,DFT_CRT,value_scaling_t0,wide,DEoptim,1177,4.257521688567133e-96
23,DFT_CRT,value_scaling_t0,wide,DEoptim,1178,6.474403507552857e-144
23,DFT_CRT,value_scaling_t0,wide,DEoptim,1179,13378129467774362e232
23,DFT_CRT,value_scaling_t0,wide,DEoptim,1180,7670155410670779e197
23,DFT_CRT,value_scaling_t0,wide,DEoptim,1181,5.142607127590161e-72
23,DFT_CRT,value_scaling_t0,wide,DEoptim,1182,3.0556223697025627e-57
23,DFT_CRT,value_scaling_t0,wide,DEoptim,1183,2118166617749964e270
23,DFT_CRT,value_scaling_t0,wide,DEoptim,1184,6.149065004583855e-144
23,DFT_CRT,value_scaling_t0,wide,DEoptim,1185,2610784366674446e165
23,DFT_CRT,value_scaling_t0,wide,DEoptim,1186,6.129092600876211e-144
23,DFT_CRT,value_scaling_t0,wide,DEoptim,1187,5.186872453909879e-144
23,DFT_CRT,value_scaling_t0,wide,DEoptim,1188,3925523001091327e237
23,DFT_CRT,value_scaling_t0,wide,DEoptim,1189,6.769759190665868e-144
23,DFT_CRT,value_scaling_t0,wide,DEoptim,1190,5.832544137620899e-144
23,DFT_CRT,value_scaling_t0,wide,DEoptim,1191,5.168161140747349e-144
23,DFT_CRT,value_scaling_t0,wide,DEoptim,1192,7.097083605315057e-67
23,DFT_CRT,value_scaling_t0,wide,DEoptim,1193,3982572371306514e231
23,DFT_CRT,value_scaling_t0,wide,DEoptim,1194,8.371489204396376e-144
23,DFT_CRT,value_scaling_t0,wide,DEoptim,1195,4.506217844961051e-144
23,DFT_CRT,value_scaling_t0,wide,DEoptim,1196,5.6001288015620823e-67
23,DFT_CRT,value_scaling_t0,wide,DEoptim,1197,2.182303768902451e-94
23,DFT_CRT,value_scaling_t0,wide,DEoptim,1198,4.408058176948305e-62
23,DFT_CRT,value_scaling_t0,wide,DEoptim,1199,22540560371959833e158
23,DFT_CRT,value_scaling_t0,wide,DEoptim,1200,2.2087329935150107e-62
23,DFT_CRT,value_scaling_t0,wide,DEoptim,1201,8.969023042444431e-67
23,DFT_CRT,value_scaling_t0,wide,DEoptim,1202,800801576850327e145
23,DFT_CRT,value_scaling_t0,wide,DEoptim,1203,8.411497143006805e-143
23,DFT_CRT,value_scaling_t0,wide,DEoptim,1204,4.894231245757531e-62
23,DFT_CRT,value_scaling_t0,wide,DEoptim,1205,7.090092481255788e-144
23,DFT_CRT,value_scaling_t0,wide,DEoptim,1206,7.410425776330395e-144
23,DFT_CRT,value_scaling_t0,wide,DEoptim,1207,7.730759071858025e-144
23,DFT_CRT,value_scaling_t0,wide,DEoptim,1208,1.7499384912320404e-33
23,DFT_CRT,value_scaling_t0,wide,DEoptim,1209,1143656011932e231
23,DFT_CRT,value_scaling_t0,wide,DEoptim,1210,8.371445498970012e-144
23,DFT_CRT,value_scaling_t0,wide,DEoptim,1211,1.1296594939889532e-42
23,DFT_CRT,value_scaling_t0,wide,DEoptim,1212,1.148072340266789e-28
23,DFT_CRT,value_scaling_t0,wide,DEoptim,1213,5.808759300412299e-144
23,DFT_CRT,value_scaling_t0,wide,DEoptim,1214,1.3008381595645414e-142
23,DFT_CRT,value_scaling_t0,wide,DEoptim,1215,3.685016490684274e-33
23,DFT_CRT,value_scaling_t0,wide,DEoptim,1216,6.449425891245278e-144
23,DFT_CRT,value_scaling_t0,wide,DEoptim,1217,8.411497598705291e-143
23,DFT_CRT,value_scaling_t0,wide,DEoptim,1218,4.894231245757531e-62
23,DFT_CRT,value_scaling_t0,wide,DEoptim,1219,7.090092481255788e-144
23,DFT_CRT,value_scaling_t0,wide,DEoptim,1220,7.410425776330395e-144
23,DFT_CRT,value_scaling_t0,wide,DEoptim,1221,2.6701937387040436e-38
23,DFT_CRT,value_scaling_t0,wide,DEoptim,1222,4.5062204193860503e-144
23,DFT_CRT,value_scaling_t0,wide,DEoptim,1223,6077806797299741e165
23,DFT_CRT,value_scaling_t0,wide,DEoptim,1224,1.147839930922494e-28
23,DFT_CRT,value_scaling_t0,wide,DEoptim,1225,1.427597687452527e-71
23,DFT_CRT,value_scaling_t0,wide,DEoptim,1226,5.488812345587405e-144
23,DFT_CRT,value_scaling_t0,wide,DEoptim,1227,3.3702583085002604e-67
23,DFT_CRT,value_scaling_t0,wide,DEoptim,1228,4825913026064498e261
23,DFT_CRT,value_scaling_t0,wide,DEoptim,1229,1.4518710318065737e-57
23,DFT_CRT,value_scaling_t0,wide,DEoptim,1230,1.4475149167724488e-57
23,DFT_CRT,value_scaling_t0,wide,DEoptim,1231,5818423473800337e165
23,DFT_CRT,value_scaling_t0,wide,DEoptim,1232,6.769759190665868e-144
23,DFT_CRT,value_scaling_t0,wide,DEoptim,1233,5.832544137620899e-144
23,DFT_CRT,value_scaling_t0,wide,DEoptim,1234,5.168161140747349e-144
23,DFT_CRT,value_scaling_t0,wide,DEoptim,1235,3.52610177152033e-57
23,DFT_CRT,value_scaling_t0,wide,DEoptim,1236,3982572371306514e231
23,DFT_CRT,value_scaling_t0,wide,DEoptim,1237,8.371489204396376e-144
23,DFT_CRT,value_scaling_t0,wide,DEoptim,1238,4.506217844961051e-144
23,DFT_CRT,value_scaling_t0,wide,DEoptim,1239,5.6008532558883885e-67
23,DFT_CRT,value_scaling_t0,wide,DEoptim,1240,2.1823060593247915e-94
23,DFT_CRT,value_scaling_t0,wide,DEoptim,1241,4.408058176948305e-62
23,DFT_CRT,value_scaling_t0,wide,DEoptim,1242,22540560371959833e158
23,DFT_CRT,value_scaling_t0,wide,DEoptim,1243,2.2087329935150107e-62
23,DFT_CRT,value_scaling_t0,wide,DEoptim,1244,1.742824567215847e-76
23,DFT_CRT,value_scaling_t0,wide,DEoptim,1245,5248133214046303e149
23,DFT_CRT,value_scaling_t0,wide,DEoptim,1246,8.4114976920586235e-143
23,DFT_CRT,value_scaling_t0,wide,DEoptim,1247,4.894231245757531e-62
23,DFT_CRT,value_scaling_t0,wide,DEoptim,1248,7.090092481255788e-144
23,DFT_CRT,value_scaling_t0,wide,DEoptim,1249,7.410425776330395e-144
23,DFT_CRT,value_scaling_t0,wide,DEoptim,1250,2.6701937210851786e-38
23,DFT_CRT,value_scaling_t0,wide,DEoptim,1251,4.5062204193860503e-144
23,DFT_CRT,value_scaling_t0,wide,DEoptim,1252,6077806797299741e165
23,DFT_CRT,value_scaling_t0,wide,DEoptim,1253,1.147839930922494e-28
23,DFT_CRT,value_scaling_t0,wide,DEoptim,1254,1.427378342265241e-71
23,DFT_CRT,value_scaling_t0,wide,DEoptim,1255,5.488812345587399e-144
23,DFT_CRT,value_scaling_t0,wide,DEoptim,1256,3.3702583085002604e-67
23,DFT_CRT,value_scaling_t0,wide,DEoptim,1257,4825913026064498e261
23,DFT_CRT,value_scaling_t0,wide,DEoptim,1258,1.4518710318065737e-57
23,DFT_CRT,value_scaling_t0,wide,DEoptim,1259,1.447514945184968e-57
23,DFT_CRT,value_scaling_t0,wide,DEoptim,1260,5818423473800337e165
23,DFT_CRT,value_scaling_t0,wide,DEoptim,1261,6.769759190665868e-144
23,DFT_CRT,value_scaling_t0,wide,DEoptim,1262,5.832544137620899e-144
23,DFT_CRT,value_scaling_t0,wide,DEoptim,1263,5.168161140747349e-144
23,DFT_CRT,value_scaling_t0,wide,DEoptim,1264,7.730827502656302e-144
23,DFT_CRT,value_scaling_t0,wide,DEoptim,1265,18942346629521685e198
23,DFT_CRT,value_scaling_t0,wide,DEoptim,1266,17105018144650006e240
23,DFT_CRT,value_scaling_t0,wide,DEoptim,1267,5.14260712758836e-72
23,DFT_CRT,value_scaling_t0,wide,DEoptim,1268,7.485345846078843e-67
23,DFT_CRT,value_scaling_t0,wide,DEoptim,1269,2118166604541619e270
23,DFT_CRT,value_scaling_t0,wide,DEoptim,1270,6.149065004583855e-144
23,DFT_CRT,value_scaling_t0,wide,DEoptim,1271,2610784366674446e165
23,DFT_CRT,value_scaling_t0,wide,DEoptim,1272,6.129092600876211e-144
23,DFT_CRT,value_scaling_t0,wide,DEoptim,1273,7.758297891024387e-144
23,DFT_CRT,value_scaling_t0,wide,DEoptim,1274,23514396436797673e164
23,DFT_CRT,value_scaling_t0,wide,DEoptim,1275,4.316296764214947e-96
23,DFT_CRT,value_scaling_t0,wide,DEoptim,1276,3.861401571037509e-86
23,DFT_CRT,value_scaling_t0,wide,DEoptim,1277,1.1493046381149876e-28
23,DFT_CRT,value_scaling_t0,wide,DEoptim,1278,1.14955115714775e-28
23,DFT_CRT,value_scaling_t0,wide,DEoptim,1279,2.6701937736016517e-38
23,DFT_CRT,value_scaling_t0,wide,DEoptim,1280,4.5062204193860503e-144
23,DFT_CRT,value_scaling_t0,wide,DEoptim,1281,6077806797299741e165
23,DFT_CRT,value_scaling_t0,wide,DEoptim,1282,1.147839930922494e-28
23,DFT_CRT,value_scaling_t0,wide,DEoptim,1283,1.2444895598523788e-47
23,DFT_CRT,value_scaling_t0,wide,DEoptim,1284,5.4888123455874e-144
23,DFT_CRT,value_scaling_t0,wide,DEoptim,1285,3.3702583085002604e-67
23,DFT_CRT,value_scaling_t0,wide,DEoptim,1286,4825913026064498e261
23,DFT_CRT,value_scaling_t0,wide,DEoptim,1287,2.2153793820290736e-62
23,DFT_CRT,value_scaling_t0,wide,DEoptim,1288,1.4475149452406083e-57
23,DFT_CRT,value_scaling_t0,wide,DEoptim,1289,20264675274972964e251
23,DFT_CRT,value_scaling_t0,wide,DEoptim,1290,6.769759190665868e-144
23,DFT_CRT,value_scaling_t0,wide,DEoptim,1291,5.832544137620899e-144
23,DFT_CRT,value_scaling_t0,wide,DEoptim,1292,5.168161140747349e-144
23,DFT_CRT,value_scaling_t0,wide,DEoptim,1293,1.172335296212947e-47
23,DFT_CRT,value_scaling_t0,wide,DEoptim,1294,3982572371306514e231
23,DFT_CRT,value_scaling_t0,wide,DEoptim,1295,8.371489204396376e-144
23,DFT_CRT,value_scaling_t0,wide,DEoptim,1296,4.506217844961051e-144
23,DFT_CRT,value_scaling_t0,wide,DEoptim,1297,8.545118410586673e-72
23,DFT_CRT,value_scaling_t0,wide,DEoptim,1298,2.1823106133802974e-94
23,DFT_CRT,value_scaling_t0,wide,DEoptim,1299,4.408058176948305e-62
23,DFT_CRT,value_scaling_t0,wide,DEoptim,1300,22540560371959833e158
23,DFT_CRT,value_scaling_t0,wide,DEoptim,1301,2.2087329935150107e-62
23,DFT_CRT,value_scaling_t0,wide,DEoptim,1302,5.048886006380858e-38
23,DFT_CRT,value_scaling_t0,wide,DEoptim,1303,800801576850327e145
23,DFT_CRT,value_scaling_t0,wide,DEoptim,1304,9.486435693673665e-53
23,DFT_CRT,value_scaling_t0,wide,DEoptim,1305,7.856272516837054e-67
23,DFT_CRT,value_scaling_t0,wide,DEoptim,1306,7.870608711480654e-77
23,DFT_CRT,value_scaling_t0,wide,DEoptim,1307,3.380400712596507e-67
23,DFT_CRT,value_scaling_t0,wide,DEoptim,1308,7670155385588496e197
23,DFT_CRT,value_scaling_t0,wide,DEoptim,1309,8.371489204396368e-144
23,DFT_CRT,value_scaling_t0,wide,DEoptim,1310,4.50621784470016e-144
23,DFT_CRT,value_scaling_t0,wide,DEoptim,1311,2.4052370056096817e-57
23,DFT_CRT,value_scaling_t0,wide,DEoptim,1312,2.1823037554908304e-94
23,DFT_CRT,value_scaling_t0,wide,DEoptim,1313,4.408058176948305e-62
23,DFT_CRT,value_scaling_t0,wide,DEoptim,1314,22540560371959833e158
23,DFT_CRT,value_scaling_t0,wide,DEoptim,1315,2.2087329935150107e-62
23,DFT_CRT,value_scaling_t0,wide,DEoptim,1316,5.048886006380858e-38
23,DFT_CRT,value_scaling_t0,wide,DEoptim,1317,800801576850327e145
23,DFT_CRT,value_scaling_t0,wide,DEoptim,1318,9.486435693673665e-53
23,DFT_CRT,value_scaling_t0,wide,DEoptim,1319,7.856272516837054e-67
23,DFT_CRT,value_scaling_t0,wide,DEoptim,1320,7.870608711480654e-77
23,DFT_CRT,value_scaling_t0,wide,DEoptim,1321,3.380400712596507e-67
23,DFT_CRT,value_scaling_t0,wide,DEoptim,1322,7670155385588496e197
23,DFT_CRT,value_scaling_t0,wide,DEoptim,1323,8.371489204396368e-144
23,DFT_CRT,value_scaling_t0,wide,DEoptim,1324,4.50621784470016e-144
23,DFT_CRT,value_scaling_t0,wide,DEoptim,1325,5.6001288015620823e-67
23,DFT_CRT,value_scaling_t0,wide,DEoptim,1326,2.1823094793049193e-94
23,DFT_CRT,value_scaling_t0,wide,DEoptim,1327,4.408058176948305e-62
23,DFT_CRT,value_scaling_t0,wide,DEoptim,1328,22540560371959833e158
23,DFT_CRT,value_scaling_t0,wide,DEoptim,1329,6.129092599390065e-144
23,DFT_CRT,value_scaling_t0,wide,DEoptim,1330,6.791041419439809e-144
23,DFT_CRT,value_scaling_t0,wide,DEoptim,1331,7893303014413662e150
23,DFT_CRT,value_scaling_t0,wide,DEoptim,1332,4.316296763235406e-96
23,DFT_CRT,value_scaling_t0,wide,DEoptim,1333,3.861401571037509e-86
23,DFT_CRT,value_scaling_t0,wide,DEoptim,1334,1.1493046381149876e-28
23,DFT_CRT,value_scaling_t0,wide,DEoptim,1335,1.14955115714775e-28
23,DFT_CRT,value_scaling_t0,wide,DEoptim,1336,1.1497976761807465e-28
23,DFT_CRT,value_scaling_t0,wide,DEoptim,1337,8.051092371285524e-144
23,DFT_CRT,value_scaling_t0,wide,DEoptim,1338,9.42868864207806e-143
23,DFT_CRT,value_scaling_t0,wide,DEoptim,1339,2.2153793607188277e-62
23,DFT_CRT,value_scaling_t0,wide,DEoptim,1340,5.196916912912418e-144
23,DFT_CRT,value_scaling_t0,wide,DEoptim,1341,8.371450107105937e-144
23,DFT_CRT,value_scaling_t0,wide,DEoptim,1342,1.148318561983518e-28
23,DFT_CRT,value_scaling_t0,wide,DEoptim,1343,4.506186216000951e-144
23,DFT_CRT,value_scaling_t0,wide,DEoptim,1344,6.774577198955278e-43
23,DFT_CRT,value_scaling_t0,wide,DEoptim,1345,8.371464764905396e-144
23,DFT_CRT,value_scaling_t0,wide,DEoptim,1346,31513529148110508e217
23,DFT_CRT,value_scaling_t0,wide,DEoptim,1347,1.4518710413021414e-57
23,DFT_CRT,value_scaling_t0,wide,DEoptim,1348,6.217029227770868e-48
23,DFT_CRT,value_scaling_t0,wide,DEoptim,1349,4.074392246994856e-43
23,DFT_CRT,value_scaling_t0,wide,DEoptim,1350,4.5060658682460856e-144
23,DFT_CRT,value_scaling_t0,wide,DEoptim,1351,4.3190747978675e-96
23,DFT_CRT,value_scaling_t0,wide,DEoptim,1352,20264014440518255e251
23,DFT_CRT,value_scaling_t0,wide,DEoptim,1353,5.186813549673559e-144
23,DFT_CRT,value_scaling_t0,wide,DEoptim,1354,7.126011105130154e-67
23,DFT_CRT,value_scaling_t0,wide,DEoptim,1355,5.229979425972888e-72
23,DFT_CRT,value_scaling_t0,wide,DEoptim,1356,4.50606338611029e-144
23,DFT_CRT,value_scaling_t0,wide,DEoptim,1357,5285558055301086e165
23,DFT_CRT,value_scaling_t0,wide,DEoptim,1358,2.2153793820290736e-62
23,DFT_CRT,value_scaling_t0,wide,DEoptim,1359,1.4475149356523079e-57
23,DFT_CRT,value_scaling_t0,wide,DEoptim,1360,31513471235334156e217
23,DFT_CRT,value_scaling_t0,wide,DEoptim,1361,1.4518710413021414e-57
23,DFT_CRT,value_scaling_t0,wide,DEoptim,1362,6.217029227770868e-48
23,DFT_CRT,value_scaling_t0,wide,DEoptim,1363,4.074392246994856e-43
23,DFT_CRT,value_scaling_t0,wide,DEoptim,1364,4.26489383166941e-96
23,DFT_CRT,value_scaling_t0,wide,DEoptim,1365,9.968639408524333e-143
23,DFT_CRT,value_scaling_t0,wide,DEoptim,1366,5331796576433915e213
23,DFT_CRT,value_scaling_t0,wide,DEoptim,1367,1.4796767251341776e-76
23,DFT_CRT,value_scaling_t0,wide,DEoptim,1368,8.241653897326206e-67
23,DFT_CRT,value_scaling_t0,wide,DEoptim,1369,1.3927468635233278e-142
23,DFT_CRT,value_scaling_t0,wide,DEoptim,1370,4.260321674119987e-96
23,DFT_CRT,value_scaling_t0,wide,DEoptim,1371,3984507164173735e237
23,DFT_CRT,value_scaling_t0,wide,DEoptim,1372,8.37145987700727e-144
23,DFT_CRT,value_scaling_t0,wide,DEoptim,1373,4.5060560833493916e-144
23,DFT_CRT,value_scaling_t0,wide,DEoptim,1374,30882938249507892e246
23,DFT_CRT,value_scaling_t0,wide,DEoptim,1375,9.486435693673637e-53
23,DFT_CRT,value_scaling_t0,wide,DEoptim,1376,7.856272516837054e-67
23,DFT_CRT,value_scaling_t0,wide,DEoptim,1377,7.870608711480654e-77
23,DFT_CRT,value_scaling_t0,wide,DEoptim,1378,5.158082142023478e-72
23,DFT_CRT,value_scaling_t0,wide,DEoptim,1379,8.371484316498125e-144
23,DFT_CRT,value_scaling_t0,wide,DEoptim,1380,1.150044195217377e-28
23,DFT_CRT,value_scaling_t0,wide,DEoptim,1381,4.31811159112148e-96
23,DFT_CRT,value_scaling_t0,wide,DEoptim,1382,4.249489667949129e-86
23,DFT_CRT,value_scaling_t0,wide,DEoptim,1383,5811916198646234e279
23,DFT_CRT,value_scaling_t0,wide,DEoptim,1384,3.380400646284064e-67
23,DFT_CRT,value_scaling_t0,wide,DEoptim,1385,8.371454989109032e-144
23,DFT_CRT,value_scaling_t0,wide,DEoptim,1386,2.20873284916061e-62
23,DFT_CRT,value_scaling_t0,wide,DEoptim,1387,3.852168495302268e-57
23,DFT_CRT,value_scaling_t0,wide,DEoptim,1388,5248133214046303e149
23,DFT_CRT,value_scaling_t0,wide,DEoptim,1389,8.4114976920586235e-143
23,DFT_CRT,value_scaling_t0,wide,DEoptim,1390,4.894231245757531e-62
23,DFT_CRT,value_scaling_t0,wide,DEoptim,1391,7.090092481255788e-144
23,DFT_CRT,value_scaling_t0,wide,DEoptim,1392,7.410425776330395e-144
23,DFT_CRT,value_scaling_t0,wide,DEoptim,1393,7.730759071708858e-144
23,DFT_CRT,value_scaling_t0,wide,DEoptim,1394,1.7499384912320404e-33
23,DFT_CRT,value_scaling_t0,wide,DEoptim,1395,1143656011932e231
23,DFT_CRT,value_scaling_t0,wide,DEoptim,1396,8.371445498970012e-144
23,DFT_CRT,value_scaling_t0,wide,DEoptim,1397,1.4010886739417442e-76
23,DFT_CRT,value_scaling_t0,wide,DEoptim,1398,1.148072340266789e-28
23,DFT_CRT,value_scaling_t0,wide,DEoptim,1399,5.808759300412299e-144
23,DFT_CRT,value_scaling_t0,wide,DEoptim,1400,4.3062777922162335e-96
23,DFT_CRT,value_scaling_t0,wide,DEoptim,1401,4.6649219894370754e-86
23,DFT_CRT,value_scaling_t0,wide,DEoptim,1402,1.1488116000491094e-28
23,DFT_CRT,value_scaling_t0,wide,DEoptim,1403,37634503646130415e183
23,DFT_CRT,value_scaling_t0,wide,DEoptim,1404,8.371469652803646e-144
23,DFT_CRT,value_scaling_t0,wide,DEoptim,1405,4.506060971247719e-144
23,DFT_CRT,value_scaling_t0,wide,DEoptim,1406,4.506055902407716e-144
23,DFT_CRT,value_scaling_t0,wide,DEoptim,1407,4.259410856042564e-96
23,DFT_CRT,value_scaling_t0,wide,DEoptim,1408,7.283712139079958e-143
23,DFT_CRT,value_scaling_t0,wide,DEoptim,1409,5249672145286667e218
23,DFT_CRT,value_scaling_t0,wide,DEoptim,1410,1.4796767251341754e-76
23,DFT_CRT,value_scaling_t0,wide,DEoptim,1411,3.5347849831744106e-57
23,DFT_CRT,value_scaling_t0,wide,DEoptim,1412,1.3927468634994613e-142
23,DFT_CRT,value_scaling_t0,wide,DEoptim,1413,4.260321674119987e-96
23,DFT_CRT,value_scaling_t0,wide,DEoptim,1414,3984507164173735e237
23,DFT_CRT,value_scaling_t0,wide,DEoptim,1415,8.37145987700727e-144
23,DFT_CRT,value_scaling_t0,wide,DEoptim,1416,4.506070737496969e-144
23,DFT_CRT,value_scaling_t0,wide,DEoptim,1417,5381512235207632e213
23,DFT_CRT,value_scaling_t0,wide,DEoptim,1418,9.48643569367367e-53
23,DFT_CRT,value_scaling_t0,wide,DEoptim,1419,7.856272516837054e-67
23,DFT_CRT,value_scaling_t0,wide,DEoptim,1420,7.870608711480654e-77
23,DFT_CRT,value_scaling_t0,wide,DEoptim,1421,1.4518710507977092e-57
23,DFT_CRT,value_scaling_t0,wide,DEoptim,1422,7670155385588496e197
23,DFT_CRT,value_scaling_t0,wide,DEoptim,1423,8.371489204396368e-144
23,DFT_CRT,value_scaling_t0,wide,DEoptim,1424,4.50621784470016e-144
23,DFT_CRT,value_scaling_t0,wide,DEoptim,1425,1.0331750660577598e-47
23,DFT_CRT,value_scaling_t0,wide,DEoptim,1426,2.1823117741571727e-94
23,DFT_CRT,value_scaling_t0,wide,DEoptim,1427,4.408058176948305e-62
23,DFT_CRT,value_scaling_t0,wide,DEoptim,1428,22540560371959833e158
23,DFT_CRT,value_scaling_t0,wide,DEoptim,1429,6.129092599390065e-144
23,DFT_CRT,value_scaling_t0,wide,DEoptim,1430,5.836298005237663e-144
23,DFT_CRT,value_scaling_t0,wide,DEoptim,1431,7893303014413662e150
23,DFT_CRT,value_scaling_t0,wide,DEoptim,1432,4.316296763235406e-96
23,DFT_CRT,value_scaling_t0,wide,DEoptim,1433,3.861401571037509e-86
23,DFT_CRT,value_scaling_t0,wide,DEoptim,1434,1.1493046381149876e-28
23,DFT_CRT,value_scaling_t0,wide,DEoptim,1435,1.14955115714775e-28
23,DFT_CRT,value_scaling_t0,wide,DEoptim,1436,1.1497976761808613e-28
23,DFT_CRT,value_scaling_t0,wide,DEoptim,1437,8.051092371285524e-144
23,DFT_CRT,value_scaling_t0,wide,DEoptim,1438,9.42868864207806e-143
23,DFT_CRT,value_scaling_t0,wide,DEoptim,1439,3.380400635862469e-67
23,DFT_CRT,value_scaling_t0,wide,DEoptim,1440,5.513511023088515e-144
23,DFT_CRT,value_scaling_t0,wide,DEoptim,1441,8.371450107105937e-144
23,DFT_CRT,value_scaling_t0,wide,DEoptim,1442,1.148318561983518e-28
23,DFT_CRT,value_scaling_t0,wide,DEoptim,1443,4.506186216000951e-144
23,DFT_CRT,value_scaling_t0,wide,DEoptim,1444,2.40463646836726e-57
23,DFT_CRT,value_scaling_t0,wide,DEoptim,1445,8.371464764905398e-144
23,DFT_CRT,value_scaling_t0,wide,DEoptim,1446,31513529148110508e217
23,DFT_CRT,value_scaling_t0,wide,DEoptim,1447,1.4518710413021414e-57
23,DFT_CRT,value_scaling_t0,wide,DEoptim,1448,6.217029227770868e-48
23,DFT_CRT,value_scaling_t0,wide,DEoptim,1449,4.074392246994856e-43
23,DFT_CRT,value_scaling_t0,wide,DEoptim,1450,2.6701937380230106e-38
23,DFT_CRT,value_scaling_t0,wide,DEoptim,1451,4.506203244915682e-144
23,DFT_CRT,value_scaling_t0,wide,DEoptim,1452,4263442416816553e165
23,DFT_CRT,value_scaling_t0,wide,DEoptim,1453,1.147839930922494e-28
23,DFT_CRT,value_scaling_t0,wide,DEoptim,1454,4.014591615868165e-57
23,DFT_CRT,value_scaling_t0,wide,DEoptim,1455,5.488812345587405e-144
23,DFT_CRT,value_scaling_t0,wide,DEoptim,1456,3.3702583085002604e-67
23,DFT_CRT,value_scaling_t0,wide,DEoptim,1457,5.498101009782087e-143
23,DFT_CRT,value_scaling_t0,wide,DEoptim,1458,4.894231245644335e-62
23,DFT_CRT,value_scaling_t0,wide,DEoptim,1459,6.449425891020363e-144
23,DFT_CRT,value_scaling_t0,wide,DEoptim,1460,3512779733465568e136
23,DFT_CRT,value_scaling_t0,wide,DEoptim,1461,1.1490581190856763e-28
23,DFT_CRT,value_scaling_t0,wide,DEoptim,1462,4.259418166765855e-96
23,DFT_CRT,value_scaling_t0,wide,DEoptim,1463,4.257521688567133e-96
23,DFT_CRT,value_scaling_t0,wide,DEoptim,1464,4.259350468393398e-96
23,DFT_CRT,value_scaling_t0,wide,DEoptim,1465,7.283712139079958e-143
23,DFT_CRT,value_scaling_t0,wide,DEoptim,1466,5249672145286667e218
23,DFT_CRT,value_scaling_t0,wide,DEoptim,1467,1.4796767251341754e-76
23,DFT_CRT,value_scaling_t0,wide,DEoptim,1468,1.898937194398261e-52
23,DFT_CRT,value_scaling_t0,wide,DEoptim,1469,1.3927468634518206e-142
23,DFT_CRT,value_scaling_t0,wide,DEoptim,1470,4.260321674119987e-96
23,DFT_CRT,value_scaling_t0,wide,DEoptim,1471,3984507164173735e237
23,DFT_CRT,value_scaling_t0,wide,DEoptim,1472,8.37145987700727e-144
23,DFT_CRT,value_scaling_t0,wide,DEoptim,1473,4.5060756540364894e-144
23,DFT_CRT,value_scaling_t0,wide,DEoptim,1474,5381512235207632e213
23,DFT_CRT,value_scaling_t0,wide,DEoptim,1475,9.48643569367367e-53
23,DFT_CRT,value_scaling_t0,wide,DEoptim,1476,7.856272516837054e-67
23,DFT_CRT,value_scaling_t0,wide,DEoptim,1477,7.870608711480654e-77
23,DFT_CRT,value_scaling_t0,wide,DEoptim,1478,5.158082142023478e-72
23,DFT_CRT,value_scaling_t0,wide,DEoptim,1479,8.371484316498125e-144
23,DFT_CRT,value_scaling_t0,wide,DEoptim,1480,1.1500441952169737e-28
23,DFT_CRT,value_scaling_t0,wide,DEoptim,1481,4.318111493510518e-96
23,DFT_CRT,value_scaling_t0,wide,DEoptim,1482,3.847336731271939e-86
23,DFT_CRT,value_scaling_t0,wide,DEoptim,1483,5809401964433308e279
23,DFT_CRT,value_scaling_t0,wide,DEoptim,1484,3.380400646284064e-67
23,DFT_CRT,value_scaling_t0,wide,DEoptim,1485,8.371454989109032e-144
23,DFT_CRT,value_scaling_t0,wide,DEoptim,1486,2.20873284916061e-62
23,DFT_CRT,value_scaling_t0,wide,DEoptim,1487,1.8291796690406346e-76
23,DFT_CRT,value_scaling_t0,wide,DEoptim,1488,800801576850327e145
23,DFT_CRT,value_scaling_t0,wide,DEoptim,1489,8.411497143006805e-143
23,DFT_CRT,value_scaling_t0,wide,DEoptim,1490,4.894231245757531e-62
23,DFT_CRT,value_scaling_t0,wide,DEoptim,1491,7.090092481255788e-144
23,DFT_CRT,value_scaling_t0,wide,DEoptim,1492,7.410425776330395e-144
23,DFT_CRT,value_scaling_t0,wide,DEoptim,1493,2.6701937560492175e-38
23,DFT_CRT,value_scaling_t0,wide,DEoptim,1494,4.5062204193860503e-144
23,DFT_CRT,value_scaling_t0,wide,DEoptim,1495,6077806797299741e165
23,DFT_CRT,value_scaling_t0,wide,DEoptim,1496,1.147839930922494e-28
23,DFT_CRT,value_scaling_t0,wide,DEoptim,1497,5.943125182728061e-38
23,DFT_CRT,value_scaling_t0,wide,DEoptim,1498,5.488812345587398e-144
23,DFT_CRT,value_scaling_t0,wide,DEoptim,1499,3.3702583085002604e-67
23,DFT_CRT,value_scaling_t0,wide,DEoptim,1500,5.498101009782087e-143
23,DFT_CRT,value_scaling_t0,wide,DEoptim,1501,7.468004220038352e-67
23,DFT_CRT,value_scaling_t0,wide,DEoptim,1502,6.449425890648028e-144
23,DFT_CRT,value_scaling_t0,wide,DEoptim,1503,3512779733465568e136
23,DFT_CRT,value_scaling_t0,wide,DEoptim,1504,1.1490581190856763e-28
23,DFT_CRT,value_scaling_t0,wide,DEoptim,1505,4.259418166765855e-96
23,DFT_CRT,value_scaling_t0,wide,DEoptim,1506,4.257521688567133e-96
23,DFT_CRT,value_scaling_t0,wide,DEoptim,1507,7.108813588339002e-144
23,DFT_CRT,value_scaling_t0,wide,DEoptim,1508,18942346629521685e198
23,DFT_CRT,value_scaling_t0,wide,DEoptim,1509,17105018144650006e240
23,DFT_CRT,value_scaling_t0,wide,DEoptim,1510,5.14260712758836e-72
23,DFT_CRT,value_scaling_t0,wide,DEoptim,1511,2.3157488837641118e-52
23,DFT_CRT,value_scaling_t0,wide,DEoptim,1512,2.1181666044893462e+285
23,DFT_CRT,value_scaling_t0,wide,DEoptim,1513,6.149065004583855e-144
23,DFT_CRT,value_scaling_t0,wide,DEoptim,1514,1415309041119813e146
23,DFT_CRT,value_scaling_t0,wide,DEoptim,1515,1.1485650810192843e-28
23,DFT_CRT,value_scaling_t0,wide,DEoptim,1516,4.2612540904808965e-96
23,DFT_CRT,value_scaling_t0,wide,DEoptim,1517,1439734360143534e199
23,DFT_CRT,value_scaling_t0,wide,DEoptim,1518,4.50621299435574e-144
23,DFT_CRT,value_scaling_t0,wide,DEoptim,1519,1.5765143032030427e-52
23,DFT_CRT,value_scaling_t0,wide,DEoptim,1520,8.371474540701757e-144
23,DFT_CRT,value_scaling_t0,wide,DEoptim,1521,8.371479428599936e-144
23,DFT_CRT,value_scaling_t0,wide,DEoptim,1522,1.1497976761808657e-28
23,DFT_CRT,value_scaling_t0,wide,DEoptim,1523,8.051092371809647e-144
23,DFT_CRT,value_scaling_t0,wide,DEoptim,1524,9.42874335491433e-143
23,DFT_CRT,value_scaling_t0,wide,DEoptim,1525,3.380400635862469e-67
23,DFT_CRT,value_scaling_t0,wide,DEoptim,1526,5.826302387190446e-144
23,DFT_CRT,value_scaling_t0,wide,DEoptim,1527,8.371450107105937e-144
23,DFT_CRT,value_scaling_t0,wide,DEoptim,1528,1.148318561983518e-28
23,DFT_CRT,value_scaling_t0,wide,DEoptim,1529,4.506186216000951e-144
23,DFT_CRT,value_scaling_t0,wide,DEoptim,1530,2.40463646836726e-57
23,DFT_CRT,value_scaling_t0,wide,DEoptim,1531,8.371464764905398e-144
23,DFT_CRT,value_scaling_t0,wide,DEoptim,1532,4.506212994355295e-144
23,DFT_CRT,value_scaling_t0,wide,DEoptim,1533,1.5765143032030427e-52
23,DFT_CRT,value_scaling_t0,wide,DEoptim,1534,8.371474540701757e-144
23,DFT_CRT,value_scaling_t0,wide,DEoptim,1535,8.371479428599936e-144
23,DFT_CRT,value_scaling_t0,wide,DEoptim,1536,8.371484316498127e-144
23,DFT_CRT,value_scaling_t0,wide,DEoptim,1537,1.1500441952169737e-28
23,DFT_CRT,value_scaling_t0,wide,DEoptim,1538,4.318111493510518e-96
23,DFT_CRT,value_scaling_t0,wide,DEoptim,1539,4.048413199610534e-86
23,DFT_CRT,value_scaling_t0,wide,DEoptim,1540,58131539861673e281
23,DFT_CRT,value_scaling_t0,wide,DEoptim,1541,3.380400646284064e-67
23,DFT_CRT,value_scaling_t0,wide,DEoptim,1542,8.371454989109032e-144
23,DFT_CRT,value_scaling_t0,wide,DEoptim,1543,2.20873284916061e-62
23,DFT_CRT,value_scaling_t0,wide,DEoptim,1544,6.812154420028574e-38
23,DFT_CRT,value_scaling_t0,wide,DEoptim,1545,800801576850327e145
23,DFT_CRT,value_scaling_t0,wide,DEoptim,1546,9.486435693673665e-53
23,DFT_CRT,value_scaling_t0,wide,DEoptim,1547,7.856272516837054e-67
23,DFT_CRT,value_scaling_t0,wide,DEoptim,1548,7.870608711480654e-77
23,DFT_CRT,value_scaling_t0,wide,DEoptim,1549,6.235738681185316e-48
23,DFT_CRT,value_scaling_t0,wide,DEoptim,1550,8.371484316498122e-144
23,DFT_CRT,value_scaling_t0,wide,DEoptim,1551,1.150044195217377e-28
23,DFT_CRT,value_scaling_t0,wide,DEoptim,1552,4.31811159112148e-96
23,DFT_CRT,value_scaling_t0,wide,DEoptim,1553,3.847336731271939e-86
23,DFT_CRT,value_scaling_t0,wide,DEoptim,1554,5813134400593253e279
23,DFT_CRT,value_scaling_t0,wide,DEoptim,1555,3.380400646284064e-67
23,DFT_CRT,value_scaling_t0,wide,DEoptim,1556,8.371454989109032e-144
23,DFT_CRT,value_scaling_t0,wide,DEoptim,1557,2.20873284916061e-62
23,DFT_CRT,value_scaling_t0,wide,DEoptim,1558,5.930497801187402e-38
23,DFT_CRT,value_scaling_t0,wide,DEoptim,1559,800801576850327e145
23,DFT_CRT,value_scaling_t0,wide,DEoptim,1560,8.411497143006805e-143
23,DFT_CRT,value_scaling_t0,wide,DEoptim,1561,4.894231245757531e-62
23,DFT_CRT,value_scaling_t0,wide,DEoptim,1562,7.090092481255788e-144
23,DFT_CRT,value_scaling_t0,wide,DEoptim,1563,7.410425776330395e-144
23,DFT_CRT,value_scaling_t0,wide,DEoptim,1564,7.730759072156358e-144
23,DFT_CRT,value_scaling_t0,wide,DEoptim,1565,1.7499384912320404e-33
23,DFT_CRT,value_scaling_t0,wide,DEoptim,1566,1143656011932e231
23,DFT_CRT,value_scaling_t0,wide,DEoptim,1567,8.371445498970012e-144
23,DFT_CRT,value_scaling_t0,wide,DEoptim,1568,3.313345966082291e-33
23,DFT_CRT,value_scaling_t0,wide,DEoptim,1569,1.148072340266789e-28
23,DFT_CRT,value_scaling_t0,wide,DEoptim,1570,5.808759300412299e-144
23,DFT_CRT,value_scaling_t0,wide,DEoptim,1571,4.3062777922162335e-96
23,DFT_CRT,value_scaling_t0,wide,DEoptim,1572,3.660325102698549e-86
23,DFT_CRT,value_scaling_t0,wide,DEoptim,1573,1.14881160004934e-28
23,DFT_CRT,value_scaling_t0,wide,DEoptim,1574,37634503646130415e183
23,DFT_CRT,value_scaling_t0,wide,DEoptim,1575,8.371469652803646e-144
23,DFT_CRT,value_scaling_t0,wide,DEoptim,1576,4.506060971247719e-144
23,DFT_CRT,value_scaling_t0,wide,DEoptim,1577,4.506055902407716e-144
23,DFT_CRT,value_scaling_t0,wide,DEoptim,1578,4.506060790305898e-144
23,DFT_CRT,value_scaling_t0,wide,DEoptim,1579,4.312649065627135e-96
23,DFT_CRT,value_scaling_t0,wide,DEoptim,1580,4088103933645383e218
23,DFT_CRT,value_scaling_t0,wide,DEoptim,1581,5.186813549673559e-144
23,DFT_CRT,value_scaling_t0,wide,DEoptim,1582,6.528580850062396e-38
23,DFT_CRT,value_scaling_t0,wide,DEoptim,1583,5.229979425971862e-72
23,DFT_CRT,value_scaling_t0,wide,DEoptim,1584,4.50606338611029e-144
23,DFT_CRT,value_scaling_t0,wide,DEoptim,1585,5285558055301086e165
23,DFT_CRT,value_scaling_t0,wide,DEoptim,1586,2.2153793820290736e-62
23,DFT_CRT,value_scaling_t0,wide,DEoptim,1587,1.4475149452406083e-57
23,DFT_CRT,value_scaling_t0,wide,DEoptim,1588,31513471235334156e217
23,DFT_CRT,value_scaling_t0,wide,DEoptim,1589,1.4518710413021414e-57
23,DFT_CRT,value_scaling_t0,wide,DEoptim,1590,6.217029227770868e-48
23,DFT_CRT,value_scaling_t0,wide,DEoptim,1591,4.074392246994856e-43
23,DFT_CRT,value_scaling_t0,wide,DEoptim,1592,4.5060658682460856e-144
23,DFT_CRT,value_scaling_t0,wide,DEoptim,1593,4.3190747978675e-96
23,DFT_CRT,value_scaling_t0,wide,DEoptim,1594,20264014440518255e251
23,DFT_CRT,value_scaling_t0,wide,DEoptim,1595,5.186813549673559e-144
23,DFT_CRT,value_scaling_t0,wide,DEoptim,1596,2.739510323331791e-57
23,DFT_CRT,value_scaling_t0,wide,DEoptim,1597,5.229979425973912e-72
23,DFT_CRT,value_scaling_t0,wide,DEoptim,1598,4.50606338611029e-144
23,DFT_CRT,value_scaling_t0,wide,DEoptim,1599,5285558055301086e165
23,DFT_CRT,value_scaling_t0,wide,DEoptim,1600,1.4518710318065737e-57
23,DFT_CRT,value_scaling_t0,wide,DEoptim,1601,1.4475149167724488e-57
23,DFT_CRT,value_scaling_t0,wide,DEoptim,1602,5818423473800337e165
23,DFT_CRT,value_scaling_t0,wide,DEoptim,1603,6.769759190665868e-144
23,DFT_CRT,value_scaling_t0,wide,DEoptim,1604,5.832544137620899e-144
23,DFT_CRT,value_scaling_t0,wide,DEoptim,1605,5.168161140747349e-144
23,DFT_CRT,value_scaling_t0,wide,DEoptim,1606,6.449494321739117e-144
23,DFT_CRT,value_scaling_t0,wide,DEoptim,1607,18942346629521685e198
23,DFT_CRT,value_scaling_t0,wide,DEoptim,1608,17105018144650006e240
23,DFT_CRT,value_scaling_t0,wide,DEoptim,1609,5.14260712758836e-72
23,DFT_CRT,value_scaling_t0,wide,DEoptim,1610,4.011479947247377e-57
23,DFT_CRT,value_scaling_t0,wide,DEoptim,1611,2118166622302527e270
23,DFT_CRT,value_scaling_t0,wide,DEoptim,1612,6.149065004583855e-144
23,DFT_CRT,value_scaling_t0,wide,DEoptim,1613,1415309041119813e146
23,DFT_CRT,value_scaling_t0,wide,DEoptim,1614,1.1485650810192843e-28
23,DFT_CRT,value_scaling_t0,wide,DEoptim,1615,4.2575750999242105e-96
23,DFT_CRT,value_scaling_t0,wide,DEoptim,1616,6670982989156401e136
23,DFT_CRT,value_scaling_t0,wide,DEoptim,1617,1.1490581190856763e-28
23,DFT_CRT,value_scaling_t0,wide,DEoptim,1618,4.259418166765855e-96
23,DFT_CRT,value_scaling_t0,wide,DEoptim,1619,4.257521688567133e-96
23,DFT_CRT,value_scaling_t0,wide,DEoptim,1620,5.829983011290796e-144
23,DFT_CRT,value_scaling_t0,wide,DEoptim,1621,13378129467774362e232
23,DFT_CRT,value_scaling_t0,wide,DEoptim,1622,7670155410670779e197
23,DFT_CRT,value_scaling_t0,wide,DEoptim,1623,5.142607127590161e-72
23,DFT_CRT,value_scaling_t0,wide,DEoptim,1624,9.04924154662514e-43
23,DFT_CRT,value_scaling_t0,wide,DEoptim,1625,21181665867454126e269
23,DFT_CRT,value_scaling_t0,wide,DEoptim,1626,6.149065004583855e-144
23,DFT_CRT,value_scaling_t0,wide,DEoptim,1627,1415309041119813e146
23,DFT_CRT,value_scaling_t0,wide,DEoptim,1628,1.1485650810192843e-28
23,DFT_CRT,value_scaling_t0,wide,DEoptim,1629,4.261250518372789e-96
23,DFT_CRT,value_scaling_t0,wide,DEoptim,1630,3483202550526979e213
23,DFT_CRT,value_scaling_t0,wide,DEoptim,1631,4.506212994353122e-144
23,DFT_CRT,value_scaling_t0,wide,DEoptim,1632,1.5765143032030427e-52
23,DFT_CRT,value_scaling_t0,wide,DEoptim,1633,8.371474540701757e-144
23,DFT_CRT,value_scaling_t0,wide,DEoptim,1634,8.371479428599936e-144
23,DFT_CRT,value_scaling_t0,wide,DEoptim,1635,7.73075907216101e-144
23,DFT_CRT,value_scaling_t0,wide,DEoptim,1636,1.7499385315670154e-33
23,DFT_CRT,value_scaling_t0,wide,DEoptim,1637,11451137975065735e227
23,DFT_CRT,value_scaling_t0,wide,DEoptim,1638,8.371445498970012e-144
23,DFT_CRT,value_scaling_t0,wide,DEoptim,1639,1.6917747339084453e-52
23,DFT_CRT,value_scaling_t0,wide,DEoptim,1640,1.148072340266789e-28
23,DFT_CRT,value_scaling_t0,wide,DEoptim,1641,5.808759300412299e-144
23,DFT_CRT,value_scaling_t0,wide,DEoptim,1642,4.3062777922162335e-96
23,DFT_CRT,value_scaling_t0,wide,DEoptim,1643,3.459248634359954e-86
23,DFT_CRT,value_scaling_t0,wide,DEoptim,1644,1.1488116000493384e-28
23,DFT_CRT,value_scaling_t0,wide,DEoptim,1645,4.316296764048399e-96
23,DFT_CRT,value_scaling_t0,wide,DEoptim,1646,3.861401571037509e-86
23,DFT_CRT,value_scaling_t0,wide,DEoptim,1647,1.1493046381149876e-28
23,DFT_CRT,value_scaling_t0,wide,DEoptim,1648,1.14955115714775e-28
23,DFT_CRT,value_scaling_t0,wide,DEoptim,1649,1.1497976761808613e-28
23,DFT_CRT,value_scaling_t0,wide,DEoptim,1650,8.051092371285524e-144
23,DFT_CRT,value_scaling_t0,wide,DEoptim,1651,9.42868864207806e-143
23,DFT_CRT,value_scaling_t0,wide,DEoptim,1652,2.2153793607188277e-62
23,DFT_CRT,value_scaling_t0,wide,DEoptim,1653,7.748321709858868e-144
23,DFT_CRT,value_scaling_t0,wide,DEoptim,1654,8.371450107105937e-144
23,DFT_CRT,value_scaling_t0,wide,DEoptim,1655,1.148318561983518e-28
23,DFT_CRT,value_scaling_t0,wide,DEoptim,1656,4.506186216000951e-144
23,DFT_CRT,value_scaling_t0,wide,DEoptim,1657,2.407435609809626e-57
23,DFT_CRT,value_scaling_t0,wide,DEoptim,1658,8.371464764905396e-144
23,DFT_CRT,value_scaling_t0,wide,DEoptim,1659,31513529148110508e217
23,DFT_CRT,value_scaling_t0,wide,DEoptim,1660,1.4518710413021414e-57
23,DFT_CRT,value_scaling_t0,wide,DEoptim,1661,6.217029227770868e-48
23,DFT_CRT,value_scaling_t0,wide,DEoptim,1662,4.074392246994856e-43
23,DFT_CRT,value_scaling_t0,wide,DEoptim,1663,2.670193773055472e-38
23,DFT_CRT,value_scaling_t0,wide,DEoptim,1664,4.506203244915682e-144
23,DFT_CRT,value_scaling_t0,wide,DEoptim,1665,4263442416816553e165
23,DFT_CRT,value_scaling_t0,wide,DEoptim,1666,1.147839930922494e-28
23,DFT_CRT,value_scaling_t0,wide,DEoptim,1667,1.916897350190248e-76
23,DFT_CRT,value_scaling_t0,wide,DEoptim,1668,5.488812345587399e-144
23,DFT_CRT,value_scaling_t0,wide,DEoptim,1669,3.3702583085002604e-67
23,DFT_CRT,value_scaling_t0,wide,DEoptim,1670,5.498101009782087e-143
23,DFT_CRT,value_scaling_t0,wide,DEoptim,1671,1.1395270111142506e-71
23,DFT_CRT,value_scaling_t0,wide,DEoptim,1672,6.449425890798069e-144
23,DFT_CRT,value_scaling_t0,wide,DEoptim,1673,3512779733465568e136
23,DFT_CRT,value_scaling_t0,wide,DEoptim,1674,1.1490581190856763e-28
23,DFT_CRT,value_scaling_t0,wide,DEoptim,1675,4.259418166765855e-96
23,DFT_CRT,value_scaling_t0,wide,DEoptim,1676,4.257521688567133e-96
23,DFT_CRT,value_scaling_t0,wide,DEoptim,1677,6.474403507552857e-144
23,DFT_CRT,value_scaling_t0,wide,DEoptim,1678,13378129467774362e232
23,DFT_CRT,value_scaling_t0,wide,DEoptim,1679,7670155410670779e197
23,DFT_CRT,value_scaling_t0,wide,DEoptim,1680,5.142607127590161e-72
23,DFT_CRT,value_scaling_t0,wide,DEoptim,1681,1.483732834661523e-76
23,DFT_CRT,value_scaling_t0,wide,DEoptim,1682,21181666177840452e269
23,DFT_CRT,value_scaling_t0,wide,DEoptim,1683,6.149065004583855e-144
23,DFT_CRT,value_scaling_t0,wide,DEoptim,1684,1415309041119813e146
23,DFT_CRT,value_scaling_t0,wide,DEoptim,1685,1.1485650810192843e-28
23,DFT_CRT,value_scaling_t0,wide,DEoptim,1686,4.257600102283091e-96
23,DFT_CRT,value_scaling_t0,wide,DEoptim,1687,3483202550526979e213
23,DFT_CRT,value_scaling_t0,wide,DEoptim,1688,4.506212994353122e-144
23,DFT_CRT,value_scaling_t0,wide,DEoptim,1689,1.5765143032030427e-52
23,DFT_CRT,value_scaling_t0,wide,DEoptim,1690,8.371474540701757e-144
23,DFT_CRT,value_scaling_t0,wide,DEoptim,1691,8.371479428599936e-144
23,DFT_CRT,value_scaling_t0,wide,DEoptim,1692,1.1497976761807503e-28
23,DFT_CRT,value_scaling_t0,wide,DEoptim,1693,8.051092371809647e-144
23,DFT_CRT,value_scaling_t0,wide,DEoptim,1694,9.42874335491433e-143
23,DFT_CRT,value_scaling_t0,wide,DEoptim,1695,2.2153793607188277e-62
23,DFT_CRT,value_scaling_t0,wide,DEoptim,1696,6.794805215977901e-144
23,DFT_CRT,value_scaling_t0,wide,DEoptim,1697,8.371450107105937e-144
23,DFT_CRT,value_scaling_t0,wide,DEoptim,1698,1.148318561983518e-28
23,DFT_CRT,value_scaling_t0,wide,DEoptim,1699,4.506186216000951e-144
23,DFT_CRT,value_scaling_t0,wide,DEoptim,1700,4.4363453240789493e-38
23,DFT_CRT,value_scaling_t0,wide,DEoptim,1701,8.371464764905394e-144
23,DFT_CRT,value_scaling_t0,wide,DEoptim,1702,3151318853771983e218
23,DFT_CRT,value_scaling_t0,wide,DEoptim,1703,1.4518710413021414e-57
23,DFT_CRT,value_scaling_t0,wide,DEoptim,1704,6.217029227770868e-48
23,DFT_CRT,value_scaling_t0,wide,DEoptim,1705,4.074392246994856e-43
23,DFT_CRT,value_scaling_t0,wide,DEoptim,1706,2.6701937380230106e-38
23,DFT_CRT,value_scaling_t0,wide,DEoptim,1707,4.506203244915682e-144
23,DFT_CRT,value_scaling_t0,wide,DEoptim,1708,4263442416816553e165
23,DFT_CRT,value_scaling_t0,wide,DEoptim,1709,1.147839930922494e-28
23,DFT_CRT,value_scaling_t0,wide,DEoptim,1710,5.34966065703378e-38
23,DFT_CRT,value_scaling_t0,wide,DEoptim,1711,5.488812345587408e-144
23,DFT_CRT,value_scaling_t0,wide,DEoptim,1712,3.3702583085002604e-67
23,DFT_CRT,value_scaling_t0,wide,DEoptim,1713,5.498101009782087e-143
23,DFT_CRT,value_scaling_t0,wide,DEoptim,1714,1.1395270111142506e-71
23,DFT_CRT,value_scaling_t0,wide,DEoptim,1715,6.449425890798069e-144
23,DFT_CRT,value_scaling_t0,wide,DEoptim,1716,3512779733465568e136
23,DFT_CRT,value_scaling_t0,wide,DEoptim,1717,1.1490581190856763e-28
23,DFT_CRT,value_scaling_t0,wide,DEoptim,1718,4.259418166765855e-96
23,DFT_CRT,value_scaling_t0,wide,DEoptim,1719,4.257521688567133e-96
23,DFT_CRT,value_scaling_t0,wide,DEoptim,1720,6.474403507552857e-144
23,DFT_CRT,value_scaling_t0,wide,DEoptim,1721,13378129467774362e232
23,DFT_CRT,value_scaling_t0,wide,DEoptim,1722,7670155410670779e197
23,DFT_CRT,value_scaling_t0,wide,DEoptim,1723,5.142607127590161e-72
23,DFT_CRT,value_scaling_t0,wide,DEoptim,1724,1.5176471003662185e-47
23,DFT_CRT,value_scaling_t0,wide,DEoptim,1725,21181665824352057e269
23,DFT_CRT,value_scaling_t0,wide,DEoptim,1726,6.149065004583855e-144
23,DFT_CRT,value_scaling_t0,wide,DEoptim,1727,1415309041119813e146
23,DFT_CRT,value_scaling_t0,wide,DEoptim,1728,1.1485650810192843e-28
23,DFT_CRT,value_scaling_t0,wide,DEoptim,1729,4.264911650242004e-96
23,DFT_CRT,value_scaling_t0,wide,DEoptim,1730,6670982989156401e136
23,DFT_CRT,value_scaling_t0,wide,DEoptim,1731,1.1490581190856763e-28
23,DFT_CRT,value_scaling_t0,wide,DEoptim,1732,4.259418166765855e-96
23,DFT_CRT,value_scaling_t0,wide,DEoptim,1733,4.257521688567133e-96
23,DFT_CRT,value_scaling_t0,wide,DEoptim,1734,6.474403507552857e-144
23,DFT_CRT,value_scaling_t0,wide,DEoptim,1735,13378129467774362e232
23,DFT_CRT,value_scaling_t0,wide,DEoptim,1736,7670155410670779e197
23,DFT_CRT,value_scaling_t0,wide,DEoptim,1737,5.142607127590161e-72
23,DFT_CRT,value_scaling_t0,wide,DEoptim,1738,3.116241794409295e-33
23,DFT_CRT,value_scaling_t0,wide,DEoptim,1739,21181666000579633e269
23,DFT_CRT,value_scaling_t0,wide,DEoptim,1740,6.149065004583855e-144
23,DFT_CRT,value_scaling_t0,wide,DEoptim,1741,1415309041119813e146
23,DFT_CRT,value_scaling_t0,wide,DEoptim,1742,1.1485650810192843e-28
23,DFT_CRT,value_scaling_t0,wide,DEoptim,1743,4.261232659140512e-96
23,DFT_CRT,value_scaling_t0,wide,DEoptim,1744,6670982989156401e136
23,DFT_CRT,value_scaling_t0,wide,DEoptim,1745,1.1490581190856763e-28
23,DFT_CRT,value_scaling_t0,wide,DEoptim,1746,4.259418166765855e-96
23,DFT_CRT,value_scaling_t0,wide,DEoptim,1747,4.257521688567133e-96
23,DFT_CRT,value_scaling_t0,wide,DEoptim,1748,4.261179248219449e-96
23,DFT_CRT,value_scaling_t0,wide,DEoptim,1749,7.283712139079958e-143
23,DFT_CRT,value_scaling_t0,wide,DEoptim,1750,5249672145286667e218
23,DFT_CRT,value_scaling_t0,wide,DEoptim,1751,1.4796767251341754e-76
23,DFT_CRT,value_scaling_t0,wide,DEoptim,1752,1.4867637984504204e-76
23,DFT_CRT,value_scaling_t0,wide,DEoptim,1753,1.39274686345182e-142
23,DFT_CRT,value_scaling_t0,wide,DEoptim,1754,4.260321674119987e-96
23,DFT_CRT,value_scaling_t0,wide,DEoptim,1755,3984507164173735e237
23,DFT_CRT,value_scaling_t0,wide,DEoptim,1756,8.37145987700727e-144
23,DFT_CRT,value_scaling_t0,wide,DEoptim,1757,4.5060658209589046e-144
23,DFT_CRT,value_scaling_t0,wide,DEoptim,1758,3762022704451281e184
23,DFT_CRT,value_scaling_t0,wide,DEoptim,1759,8.371469652803646e-144
23,DFT_CRT,value_scaling_t0,wide,DEoptim,1760,4.506060971247719e-144
23,DFT_CRT,value_scaling_t0,wide,DEoptim,1761,4.506055902407716e-144
23,DFT_CRT,value_scaling_t0,wide,DEoptim,1762,4.263061272023472e-96
23,DFT_CRT,value_scaling_t0,wide,DEoptim,1763,9.968639408524333e-143
23,DFT_CRT,value_scaling_t0,wide,DEoptim,1764,5331796576433915e213
23,DFT_CRT,value_scaling_t0,wide,DEoptim,1765,1.4796767251341776e-76
23,DFT_CRT,value_scaling_t0,wide,DEoptim,1766,9.061462306396085e-43
23,DFT_CRT,value_scaling_t0,wide,DEoptim,1767,1.3927468634994604e-142
23,DFT_CRT,value_scaling_t0,wide,DEoptim,1768,4.260321674119987e-96
23,DFT_CRT,value_scaling_t0,wide,DEoptim,1769,3984507164173735e237
23,DFT_CRT,value_scaling_t0,wide,DEoptim,1770,8.37145987700727e-144
23,DFT_CRT,value_scaling_t0,wide,DEoptim,1771,4.506065887785783e-144
23,DFT_CRT,value_scaling_t0,wide,DEoptim,1772,5381512235207632e213
23,DFT_CRT,value_scaling_t0,wide,DEoptim,1773,9.48643569367367e-53
23,DFT_CRT,value_scaling_t0,wide,DEoptim,1774,7.856272516837054e-67
23,DFT_CRT,value_scaling_t0,wide,DEoptim,1775,7.870608711480654e-77
23,DFT_CRT,value_scaling_t0,wide,DEoptim,1776,3.380400712596507e-67
23,DFT_CRT,value_scaling_t0,wide,DEoptim,1777,7670155385588496e197
23,DFT_CRT,value_scaling_t0,wide,DEoptim,1778,8.371489204396368e-144
23,DFT_CRT,value_scaling_t0,wide,DEoptim,1779,4.50621784470016e-144
23,DFT_CRT,value_scaling_t0,wide,DEoptim,1780,1.0330414278222552e-47
23,DFT_CRT,value_scaling_t0,wide,DEoptim,1781,2.1823014917701238e-94
23,DFT_CRT,value_scaling_t0,wide,DEoptim,1782,4.408058176948305e-62
23,DFT_CRT,value_scaling_t0,wide,DEoptim,1783,22540560371959833e158
23,DFT_CRT,value_scaling_t0,wide,DEoptim,1784,6.129092599390065e-144
23,DFT_CRT,value_scaling_t0,wide,DEoptim,1785,7.112625959323537e-144
23,DFT_CRT,value_scaling_t0,wide,DEoptim,1786,3925523001091327e237
23,DFT_CRT,value_scaling_t0,wide,DEoptim,1787,6.769759190665868e-144
23,DFT_CRT,value_scaling_t0,wide,DEoptim,1788,5.832544137620899e-144
23,DFT_CRT,value_scaling_t0,wide,DEoptim,1789,5.168161140747349e-144
23,DFT_CRT,value_scaling_t0,wide,DEoptim,1790,7.730827502656302e-144
23,DFT_CRT,value_scaling_t0,wide,DEoptim,1791,18942346629521685e198
23,DFT_CRT,value_scaling_t0,wide,DEoptim,1792,17105018144650006e240
23,DFT_CRT,value_scaling_t0,wide,DEoptim,1793,5.14260712758836e-72
23,DFT_CRT,value_scaling_t0,wide,DEoptim,1794,1.7428192090890992e-76
23,DFT_CRT,value_scaling_t0,wide,DEoptim,1795,21181666001271392e269
23,DFT_CRT,value_scaling_t0,wide,DEoptim,1796,6.149065004583855e-144
23,DFT_CRT,value_scaling_t0,wide,DEoptim,1797,1415309041119813e146
23,DFT_CRT,value_scaling_t0,wide,DEoptim,1798,1.1485650810192843e-28
23,DFT_CRT,value_scaling_t0,wide,DEoptim,1799,4.257600102283091e-96
23,DFT_CRT,value_scaling_t0,wide,DEoptim,1800,3483202550526979e213
23,DFT_CRT,value_scaling_t0,wide,DEoptim,1801,4.506212994353122e-144
23,DFT_CRT,value_scaling_t0,wide,DEoptim,1802,1.5765143032030427e-52
23,DFT_CRT,value_scaling_t0,wide,DEoptim,1803,8.371474540701757e-144
23,DFT_CRT,value_scaling_t0,wide,DEoptim,1804,8.371479428599936e-144
23,DFT_CRT,value_scaling_t0,wide,DEoptim,1805,1.1497976761807503e-28
23,DFT_CRT,value_scaling_t0,wide,DEoptim,1806,8.051092371809647e-144
23,DFT_CRT,value_scaling_t0,wide,DEoptim,1807,9.42874335491433e-143
23,DFT_CRT,value_scaling_t0,wide,DEoptim,1808,3.380400635862469e-67
23,DFT_CRT,value_scaling_t0,wide,DEoptim,1809,7.750843827209034e-144
23,DFT_CRT,value_scaling_t0,wide,DEoptim,1810,8.371450107105937e-144
23,DFT_CRT,value_scaling_t0,wide,DEoptim,1811,1.148318561983518e-28
23,DFT_CRT,value_scaling_t0,wide,DEoptim,1812,4.506186216000951e-144
23,DFT_CRT,value_scaling_t0,wide,DEoptim,1813,4.439784671029788e-38
23,DFT_CRT,value_scaling_t0,wide,DEoptim,1814,8.3714647649054e-144
23,DFT_CRT,value_scaling_t0,wide,DEoptim,1815,31513529148110508e217
23,DFT_CRT,value_scaling_t0,wide,DEoptim,1816,1.4518710413021414e-57
23,DFT_CRT,value_scaling_t0,wide,DEoptim,1817,6.217029227770868e-48
23,DFT_CRT,value_scaling_t0,wide,DEoptim,1818,4.074392246994856e-43
23,DFT_CRT,value_scaling_t0,wide,DEoptim,1819,4.26489383166941e-96
23,DFT_CRT,value_scaling_t0,wide,DEoptim,1820,9.968639408524333e-143
23,DFT_CRT,value_scaling_t0,wide,DEoptim,1821,5331796576433915e213
23,DFT_CRT,value_scaling_t0,wide,DEoptim,1822,1.4796767251341776e-76
23,DFT_CRT,value_scaling_t0,wide,DEoptim,1823,6.233541451011054e-38
23,DFT_CRT,value_scaling_t0,wide,DEoptim,1824,1.392746863428e-142
23,DFT_CRT,value_scaling_t0,wide,DEoptim,1825,4.260321674119987e-96
23,DFT_CRT,value_scaling_t0,wide,DEoptim,1826,3984507164173735e237
23,DFT_CRT,value_scaling_t0,wide,DEoptim,1827,8.37145987700727e-144
23,DFT_CRT,value_scaling_t0,wide,DEoptim,1828,4.506060999887456e-144
23,DFT_CRT,value_scaling_t0,wide,DEoptim,1829,30882938249507892e246
23,DFT_CRT,value_scaling_t0,wide,DEoptim,1830,9.486435693673637e-53
23,DFT_CRT,value_scaling_t0,wide,DEoptim,1831,7.856272516837054e-67
23,DFT_CRT,value_scaling_t0,wide,DEoptim,1832,7.870608711480654e-77
23,DFT_CRT,value_scaling_t0,wide,DEoptim,1833,1.4518710507977092e-57
23,DFT_CRT,value_scaling_t0,wide,DEoptim,1834,7670155385588496e197
23,DFT_CRT,value_scaling_t0,wide,DEoptim,1835,8.371489204396368e-144
23,DFT_CRT,value_scaling_t0,wide,DEoptim,1836,4.50621784470016e-144
23,DFT_CRT,value_scaling_t0,wide,DEoptim,1837,3.6701004113917263e-62
23,DFT_CRT,value_scaling_t0,wide,DEoptim,1838,2.1823060593070792e-94
23,DFT_CRT,value_scaling_t0,wide,DEoptim,1839,4.408058176948305e-62
23,DFT_CRT,value_scaling_t0,wide,DEoptim,1840,22540560371959833e158
23,DFT_CRT,value_scaling_t0,wide,DEoptim,1841,6.129092599390065e-144
23,DFT_CRT,value_scaling_t0,wide,DEoptim,1842,6.468205482154829e-144
23,DFT_CRT,value_scaling_t0,wide,DEoptim,1843,3925523001091327e237
23,DFT_CRT,value_scaling_t0,wide,DEoptim,1844,6.769759190665868e-144
23,DFT_CRT,value_scaling_t0,wide,DEoptim,1845,5.832544137620899e-144
23,DFT_CRT,value_scaling_t0,wide,DEoptim,1846,5.168161140747349e-144
23,DFT_CRT,value_scaling_t0,wide,DEoptim,1847,6.449494321739117e-144
23,DFT_CRT,value_scaling_t0,wide,DEoptim,1848,18942346629521685e198
23,DFT_CRT,value_scaling_t0,wide,DEoptim,1849,17105018144650006e240
23,DFT_CRT,value_scaling_t0,wide,DEoptim,1850,5.14260712758836e-72
23,DFT_CRT,value_scaling_t0,wide,DEoptim,1851,8.227181416416903e-67
23,DFT_CRT,value_scaling_t0,wide,DEoptim,1852,21181666045237004e269
23,DFT_CRT,value_scaling_t0,wide,DEoptim,1853,6.149065004583855e-144
23,DFT_CRT,value_scaling_t0,wide,DEoptim,1854,1415309041119813e146
23,DFT_CRT,value_scaling_t0,wide,DEoptim,1855,1.1485650810192843e-28
23,DFT_CRT,value_scaling_t0,wide,DEoptim,1856,4.261232659140512e-96
23,DFT_CRT,value_scaling_t0,wide,DEoptim,1857,6670982989156401e136
23,DFT_CRT,value_scaling_t0,wide,DEoptim,1858,1.1490581190856763e-28
23,DFT_CRT,value_scaling_t0,wide,DEoptim,1859,4.259418166765855e-96
23,DFT_CRT,value_scaling_t0,wide,DEoptim,1860,4.257521688567133e-96
23,DFT_CRT,value_scaling_t0,wide,DEoptim,1861,7.108813588339002e-144
23,DFT_CRT,value_scaling_t0,wide,DEoptim,1862,13378129467774362e232
23,DFT_CRT,value_scaling_t0,wide,DEoptim,1863,7670155410670779e197
23,DFT_CRT,value_scaling_t0,wide,DEoptim,1864,5.142607127590161e-72
23,DFT_CRT,value_scaling_t0,wide,DEoptim,1865,1.8291795768653007e-76
23,DFT_CRT,value_scaling_t0,wide,DEoptim,1866,21181665867457523e269
23,DFT_CRT,value_scaling_t0,wide,DEoptim,1867,6.149065004583855e-144
23,DFT_CRT,value_scaling_t0,wide,DEoptim,1868,1415309041119813e146
23,DFT_CRT,value_scaling_t0,wide,DEoptim,1869,1.1485650810192843e-28
23,DFT_CRT,value_scaling_t0,wide,DEoptim,1870,4.263065010747446e-96
23,DFT_CRT,value_scaling_t0,wide,DEoptim,1871,6670982989156401e136
23,DFT_CRT,value_scaling_t0,wide,DEoptim,1872,1.1490581190856763e-28
23,DFT_CRT,value_scaling_t0,wide,DEoptim,1873,4.259418166765855e-96
23,DFT_CRT,value_scaling_t0,wide,DEoptim,1874,4.257521688567133e-96
23,DFT_CRT,value_scaling_t0,wide,DEoptim,1875,5.346127299652479e-38
23,DFT_CRT,value_scaling_t0,wide,DEoptim,1876,3982572371306514e231
23,DFT_CRT,value_scaling_t0,wide,DEoptim,1877,8.371489204396376e-144
23,DFT_CRT,value_scaling_t0,wide,DEoptim,1878,4.506217844961051e-144
23,DFT_CRT,value_scaling_t0,wide,DEoptim,1879,2.9073769601818578e-33
23,DFT_CRT,value_scaling_t0,wide,DEoptim,1880,2.1823106446863843e-94
23,DFT_CRT,value_scaling_t0,wide,DEoptim,1881,4.408058176948305e-62
23,DFT_CRT,value_scaling_t0,wide,DEoptim,1882,22540560371959833e158
23,DFT_CRT,value_scaling_t0,wide,DEoptim,1883,6.129092599390065e-144
23,DFT_CRT,value_scaling_t0,wide,DEoptim,1884,5.191877528068955e-144
23,DFT_CRT,value_scaling_t0,wide,DEoptim,1885,7893303014413662e150
23,DFT_CRT,value_scaling_t0,wide,DEoptim,1886,4.316296763235406e-96
23,DFT_CRT,value_scaling_t0,wide,DEoptim,1887,3.861401571037509e-86
23,DFT_CRT,value_scaling_t0,wide,DEoptim,1888,1.1493046381149876e-28
23,DFT_CRT,value_scaling_t0,wide,DEoptim,1889,1.14955115714775e-28
23,DFT_CRT,value_scaling_t0,wide,DEoptim,1890,7.730759072011534e-144
23,DFT_CRT,value_scaling_t0,wide,DEoptim,1891,1.7499385315670154e-33
23,DFT_CRT,value_scaling_t0,wide,DEoptim,1892,11451137975065735e227
23,DFT_CRT,value_scaling_t0,wide,DEoptim,1893,8.371445498970012e-144
23,DFT_CRT,value_scaling_t0,wide,DEoptim,1894,6.233559406102357e-38
23,DFT_CRT,value_scaling_t0,wide,DEoptim,1895,1.148072340266789e-28
23,DFT_CRT,value_scaling_t0,wide,DEoptim,1896,5.808759300412299e-144
23,DFT_CRT,value_scaling_t0,wide,DEoptim,1897,4.3062777922162335e-96
23,DFT_CRT,value_scaling_t0,wide,DEoptim,1898,3.8614015710371435e-86
23,DFT_CRT,value_scaling_t0,wide,DEoptim,1899,1.1488116000493962e-28
23,DFT_CRT,value_scaling_t0,wide,DEoptim,1900,37550536702031604e183
23,DFT_CRT,value_scaling_t0,wide,DEoptim,1901,8.371469652803646e-144
23,DFT_CRT,value_scaling_t0,wide,DEoptim,1902,4.506060971247719e-144
23,DFT_CRT,value_scaling_t0,wide,DEoptim,1903,4.506055902407716e-144
23,DFT_CRT,value_scaling_t0,wide,DEoptim,1904,4.506060790305898e-144
23,DFT_CRT,value_scaling_t0,wide,DEoptim,1905,4.312649065627135e-96
23,DFT_CRT,value_scaling_t0,wide,DEoptim,1906,4088103933645383e218
23,DFT_CRT,value_scaling_t0,wide,DEoptim,1907,5.186813549673559e-144
23,DFT_CRT,value_scaling_t0,wide,DEoptim,1908,4.47116080164458e-33
23,DFT_CRT,value_scaling_t0,wide,DEoptim,1909,5.229979425973656e-72
23,DFT_CRT,value_scaling_t0,wide,DEoptim,1910,4.50606338611029e-144
23,DFT_CRT,value_scaling_t0,wide,DEoptim,1911,5285558055301086e165
23,DFT_CRT,value_scaling_t0,wide,DEoptim,1912,2.2153793820290736e-62
23,DFT_CRT,value_scaling_t0,wide,DEoptim,1913,1.4475149261938347e-57
23,DFT_CRT,value_scaling_t0,wide,DEoptim,1914,20264675274972964e251
23,DFT_CRT,value_scaling_t0,wide,DEoptim,1915,6.769759190665868e-144
23,DFT_CRT,value_scaling_t0,wide,DEoptim,1916,5.832544137620899e-144
23,DFT_CRT,value_scaling_t0,wide,DEoptim,1917,5.168161140747349e-144
23,DFT_CRT,value_scaling_t0,wide,DEoptim,1918,7.730827502656302e-144
23,DFT_CRT,value_scaling_t0,wide,DEoptim,1919,18942346629521685e198
23,DFT_CRT,value_scaling_t0,wide,DEoptim,1920,17105018144650006e240
23,DFT_CRT,value_scaling_t0,wide,DEoptim,1921,5.14260712758836e-72
23,DFT_CRT,value_scaling_t0,wide,DEoptim,1922,1.5860719650420085e-47
23,DFT_CRT,value_scaling_t0,wide,DEoptim,1923,2118166622215903e270
23,DFT_CRT,value_scaling_t0,wide,DEoptim,1924,6.149065004583855e-144
23,DFT_CRT,value_scaling_t0,wide,DEoptim,1925,1415309041119813e146
23,DFT_CRT,value_scaling_t0,wide,DEoptim,1926,1.1485650810192843e-28
23,DFT_CRT,value_scaling_t0,wide,DEoptim,1927,4.264911650242004e-96
23,DFT_CRT,value_scaling_t0,wide,DEoptim,1928,6670982989156401e136
23,DFT_CRT,value_scaling_t0,wide,DEoptim,1929,1.1490581190856763e-28
23,DFT_CRT,value_scaling_t0,wide,DEoptim,1930,4.259418166765855e-96
23,DFT_CRT,value_scaling_t0,wide,DEoptim,1931,4.257521688567133e-96
23,DFT_CRT,value_scaling_t0,wide,DEoptim,1932,6.474403507552857e-144
23,DFT_CRT,value_scaling_t0,wide,DEoptim,1933,13378129467774362e232
23,DFT_CRT,value_scaling_t0,wide,DEoptim,1934,7670155410670779e197
23,DFT_CRT,value_scaling_t0,wide,DEoptim,1935,5.142607127590161e-72
23,DFT_CRT,value_scaling_t0,wide,DEoptim,1936,5.148682787977681e-62
23,DFT_CRT,value_scaling_t0,wide,DEoptim,1937,21181666179054262e269
23,DFT_CRT,value_scaling_t0,wide,DEoptim,1938,6.149065004583855e-144
23,DFT_CRT,value_scaling_t0,wide,DEoptim,1939,1415309041119813e146
23,DFT_CRT,value_scaling_t0,wide,DEoptim,1940,1.1485650810192843e-28
23,DFT_CRT,value_scaling_t0,wide,DEoptim,1941,4.257585815322e-96
23,DFT_CRT,value_scaling_t0,wide,DEoptim,1942,1439734360143534e199
23,DFT_CRT,value_scaling_t0,wide,DEoptim,1943,4.50621299435574e-144
23,DFT_CRT,value_scaling_t0,wide,DEoptim,1944,1.5765143032030427e-52
23,DFT_CRT,value_scaling_t0,wide,DEoptim,1945,8.371474540701757e-144
23,DFT_CRT,value_scaling_t0,wide,DEoptim,1946,8.371479428599936e-144
23,DFT_CRT,value_scaling_t0,wide,DEoptim,1947,1.1497976761807503e-28
23,DFT_CRT,value_scaling_t0,wide,DEoptim,1948,8.051092371809647e-144
23,DFT_CRT,value_scaling_t0,wide,DEoptim,1949,9.42874335491433e-143
23,DFT_CRT,value_scaling_t0,wide,DEoptim,1950,3.380400635862469e-67
23,DFT_CRT,value_scaling_t0,wide,DEoptim,1951,7.439225654959322e-144
23,DFT_CRT,value_scaling_t0,wide,DEoptim,1952,8.371450107105937e-144
23,DFT_CRT,value_scaling_t0,wide,DEoptim,1953,1.148318561983518e-28
23,DFT_CRT,value_scaling_t0,wide,DEoptim,1954,4.506186216000951e-144
23,DFT_CRT,value_scaling_t0,wide,DEoptim,1955,8.546301162436049e-72
23,DFT_CRT,value_scaling_t0,wide,DEoptim,1956,8.3714647649054e-144
23,DFT_CRT,value_scaling_t0,wide,DEoptim,1957,4.506212994355295e-144
23,DFT_CRT,value_scaling_t0,wide,DEoptim,1958,1.5765143032030427e-52
23,DFT_CRT,value_scaling_t0,wide,DEoptim,1959,8.371474540701757e-144
23,DFT_CRT,value_scaling_t0,wide,DEoptim,1960,8.371479428599936e-144
23,DFT_CRT,value_scaling_t0,wide,DEoptim,1961,8.37148431649812e-144
23,DFT_CRT,value_scaling_t0,wide,DEoptim,1962,1.1500441952169737e-28
23,DFT_CRT,value_scaling_t0,wide,DEoptim,1963,4.318111493510518e-96
23,DFT_CRT,value_scaling_t0,wide,DEoptim,1964,3.6462602629333444e-86
23,DFT_CRT,value_scaling_t0,wide,DEoptim,1965,5811901713315387e279
23,DFT_CRT,value_scaling_t0,wide,DEoptim,1966,3.380400646284064e-67
23,DFT_CRT,value_scaling_t0,wide,DEoptim,1967,8.371454989109032e-144
23,DFT_CRT,value_scaling_t0,wide,DEoptim,1968,2.20873284916061e-62
23,DFT_CRT,value_scaling_t0,wide,DEoptim,1969,1.3808005761896066e-47
23,DFT_CRT,value_scaling_t0,wide,DEoptim,1970,800801576850327e145
23,DFT_CRT,value_scaling_t0,wide,DEoptim,1971,9.486435693673665e-53
23,DFT_CRT,value_scaling_t0,wide,DEoptim,1972,7.856272516837054e-67
23,DFT_CRT,value_scaling_t0,wide,DEoptim,1973,7.870608711480654e-77
23,DFT_CRT,value_scaling_t0,wide,DEoptim,1974,2.67822937020931e-38
23,DFT_CRT,value_scaling_t0,wide,DEoptim,1975,7670155385588496e197
23,DFT_CRT,value_scaling_t0,wide,DEoptim,1976,8.371489204396368e-144
23,DFT_CRT,value_scaling_t0,wide,DEoptim,1977,4.50621784470016e-144
23,DFT_CRT,value_scaling_t0,wide,DEoptim,1978,8.547329269736778e-72
23,DFT_CRT,value_scaling_t0,wide,DEoptim,1979,2.1823117920339286e-94
23,DFT_CRT,value_scaling_t0,wide,DEoptim,1980,4.408058176948305e-62
23,DFT_CRT,value_scaling_t0,wide,DEoptim,1981,22540560371959833e158
23,DFT_CRT,value_scaling_t0,wide,DEoptim,1982,6.129092599390065e-144
23,DFT_CRT,value_scaling_t0,wide,DEoptim,1983,6.471959540630532e-144
23,DFT_CRT,value_scaling_t0,wide,DEoptim,1984,23514396436797673e164
23,DFT_CRT,value_scaling_t0,wide,DEoptim,1985,4.316296764214947e-96
23,DFT_CRT,value_scaling_t0,wide,DEoptim,1986,3.861401571037509e-86
23,DFT_CRT,value_scaling_t0,wide,DEoptim,1987,1.1493046381149876e-28
23,DFT_CRT,value_scaling_t0,wide,DEoptim,1988,1.14955115714775e-28
23,DFT_CRT,value_scaling_t0,wide,DEoptim,1989,1.1497976761810908e-28
23,DFT_CRT,value_scaling_t0,wide,DEoptim,1990,8.051092371285524e-144
23,DFT_CRT,value_scaling_t0,wide,DEoptim,1991,9.42868864207806e-143
23,DFT_CRT,value_scaling_t0,wide,DEoptim,1992,3.380400635862469e-67
23,DFT_CRT,value_scaling_t0,wide,DEoptim,1993,6.146674632782628e-144
23,DFT_CRT,value_scaling_t0,wide,DEoptim,1994,8.371450107105937e-144
23,DFT_CRT,value_scaling_t0,wide,DEoptim,1995,1.148318561983518e-28
23,DFT_CRT,value_scaling_t0,wide,DEoptim,1996,4.506186216000951e-144
23,DFT_CRT,value_scaling_t0,wide,DEoptim,1997,4.435771352227962e-38
23,DFT_CRT,value_scaling_t0,wide,DEoptim,1998,8.371464764905391e-144
23,DFT_CRT,value_scaling_t0,wide,DEoptim,1999,3151318853771983e218
23,DFT_CRT,value_scaling_t0,wide,DEoptim,2000,1.4518710413021414e-57
23,DFT_CRT,value_scaling_t0,wide,DEoptim,2001,6.217029227770868e-48
23,DFT_CRT,value_scaling_t0,wide,DEoptim,2002,4.074392246994856e-43
23,DFT_CRT,value_scaling_t0,wide,DEoptim,2003,4.5060609517078756e-144
23,DFT_CRT,value_scaling_t0,wide,DEoptim,2004,4.3190747978675e-96
23,DFT_CRT,value_scaling_t0,wide,DEoptim,2005,20264014440518255e251
23,DFT_CRT,value_scaling_t0,wide,DEoptim,2006,5.186813549673559e-144
23,DFT_CRT,value_scaling_t0,wide,DEoptim,2007,1.90016385066444e-52
23,DFT_CRT,value_scaling_t0,wide,DEoptim,2008,5.229979425973145e-72
23,DFT_CRT,value_scaling_t0,wide,DEoptim,2009,4.50606338611029e-144
23,DFT_CRT,value_scaling_t0,wide,DEoptim,2010,5285558055301086e165
23,DFT_CRT,value_scaling_t0,wide,DEoptim,2011,2.2153793820290736e-62
23,DFT_CRT,value_scaling_t0,wide,DEoptim,2012,1.447514907147061e-57
23,DFT_CRT,value_scaling_t0,wide,DEoptim,2013,31513471235334156e217
23,DFT_CRT,value_scaling_t0,wide,DEoptim,2014,1.4518710413021414e-57
23,DFT_CRT,value_scaling_t0,wide,DEoptim,2015,6.217029227770868e-48
23,DFT_CRT,value_scaling_t0,wide,DEoptim,2016,4.074392246994856e-43
23,DFT_CRT,value_scaling_t0,wide,DEoptim,2017,4.5060609517078756e-144
23,DFT_CRT,value_scaling_t0,wide,DEoptim,2018,4.3190747978675e-96
23,DFT_CRT,value_scaling_t0,wide,DEoptim,2019,20264014440518255e251
23,DFT_CRT,value_scaling_t0,wide,DEoptim,2020,5.186813549673559e-144
23,DFT_CRT,value_scaling_t0,wide,DEoptim,2021,1.7250609990545775e-47
23,DFT_CRT,value_scaling_t0,wide,DEoptim,2022,5.229979425974171e-72
23,DFT_CRT,value_scaling_t0,wide,DEoptim,2023,4.50606338611029e-144
23,DFT_CRT,value_scaling_t0,wide,DEoptim,2024,5285558055301086e165
23,DFT_CRT,value_scaling_t0,wide,DEoptim,2025,2.2153793820290736e-62
23,DFT_CRT,value_scaling_t0,wide,DEoptim,2026,1.4475149072026987e-57
23,DFT_CRT,value_scaling_t0,wide,DEoptim,2027,20264675274972964e251
23,DFT_CRT,value_scaling_t0,wide,DEoptim,2028,6.769759190665868e-144
23,DFT_CRT,value_scaling_t0,wide,DEoptim,2029,5.832544137620899e-144
23,DFT_CRT,value_scaling_t0,wide,DEoptim,2030,5.168161140747349e-144
23,DFT_CRT,value_scaling_t0,wide,DEoptim,2031,7.097083605315057e-67
23,DFT_CRT,value_scaling_t0,wide,DEoptim,2032,3982572371306514e231
23,DFT_CRT,value_scaling_t0,wide,DEoptim,2033,8.371489204396376e-144
23,DFT_CRT,value_scaling_t0,wide,DEoptim,2034,4.506217844961051e-144
23,DFT_CRT,value_scaling_t0,wide,DEoptim,2035,2.9073769601818578e-33
23,DFT_CRT,value_scaling_t0,wide,DEoptim,2036,2.1823117563675516e-94
23,DFT_CRT,value_scaling_t0,wide,DEoptim,2037,4.408058176948305e-62
23,DFT_CRT,value_scaling_t0,wide,DEoptim,2038,22540560371959833e158
23,DFT_CRT,value_scaling_t0,wide,DEoptim,2039,6.129092599390065e-144
23,DFT_CRT,value_scaling_t0,wide,DEoptim,2040,6.475713408247296e-144
23,DFT_CRT,value_scaling_t0,wide,DEoptim,2041,23514396436797673e164
23,DFT_CRT,value_scaling_t0,wide,DEoptim,2042,4.316296764214947e-96
23,DFT_CRT,value_scaling_t0,wide,DEoptim,2043,3.861401571037509e-86
23,DFT_CRT,value_scaling_t0,wide,DEoptim,2044,1.1493046381149876e-28
23,DFT_CRT,value_scaling_t0,wide,DEoptim,2045,1.14955115714775e-28
23,DFT_CRT,value_scaling_t0,wide,DEoptim,2046,7.730759071863824e-144
23,DFT_CRT,value_scaling_t0,wide,DEoptim,2047,1.7499385315670154e-33
23,DFT_CRT,value_scaling_t0,wide,DEoptim,2048,11451137975065735e227
23,DFT_CRT,value_scaling_t0,wide,DEoptim,2049,8.371445498970012e-144
23,DFT_CRT,value_scaling_t0,wide,DEoptim,2050,1.312630427635592e-71
23,DFT_CRT,value_scaling_t0,wide,DEoptim,2051,1.148072340266789e-28
23,DFT_CRT,value_scaling_t0,wide,DEoptim,2052,5.808759300412299e-144
23,DFT_CRT,value_scaling_t0,wide,DEoptim,2053,4.3062777922162335e-96
23,DFT_CRT,value_scaling_t0,wide,DEoptim,2054,4.6649219894370754e-86
23,DFT_CRT,value_scaling_t0,wide,DEoptim,2055,1.1488116000493397e-28
23,DFT_CRT,value_scaling_t0,wide,DEoptim,2056,37634503646130415e183
23,DFT_CRT,value_scaling_t0,wide,DEoptim,2057,8.371469652803646e-144
23,DFT_CRT,value_scaling_t0,wide,DEoptim,2058,4.506060971247719e-144
23,DFT_CRT,value_scaling_t0,wide,DEoptim,2059,4.506055902407716e-144
23,DFT_CRT,value_scaling_t0,wide,DEoptim,2060,4.261250351375409e-96
23,DFT_CRT,value_scaling_t0,wide,DEoptim,2061,9.968639408524333e-143
23,DFT_CRT,value_scaling_t0,wide,DEoptim,2062,5331796576433915e213
23,DFT_CRT,value_scaling_t0,wide,DEoptim,2063,1.4796767251341776e-76
23,DFT_CRT,value_scaling_t0,wide,DEoptim,2064,5.64433680346498e-62
23,DFT_CRT,value_scaling_t0,wide,DEoptim,2065,1.392746863440168e-142
23,DFT_CRT,value_scaling_t0,wide,DEoptim,2066,4.260321674119987e-96
23,DFT_CRT,value_scaling_t0,wide,DEoptim,2067,3984507164173735e237
23,DFT_CRT,value_scaling_t0,wide,DEoptim,2068,8.37145987700727e-144
23,DFT_CRT,value_scaling_t0,wide,DEoptim,2069,4.506075625395296e-144
23,DFT_CRT,value_scaling_t0,wide,DEoptim,2070,30882938249507892e246
23,DFT_CRT,value_scaling_t0,wide,DEoptim,2071,9.486435693673637e-53
23,DFT_CRT,value_scaling_t0,wide,DEoptim,2072,7.856272516837054e-67
23,DFT_CRT,value_scaling_t0,wide,DEoptim,2073,7.870608711480654e-77
23,DFT_CRT,value_scaling_t0,wide,DEoptim,2074,2.67822937020931e-38
23,DFT_CRT,value_scaling_t0,wide,DEoptim,2075,7670155385588496e197
23,DFT_CRT,value_scaling_t0,wide,DEoptim,2076,8.371489204396368e-144
23,DFT_CRT,value_scaling_t0,wide,DEoptim,2077,4.50621784470016e-144
23,DFT_CRT,value_scaling_t0,wide,DEoptim,2078,2.9073769601818578e-33
23,DFT_CRT,value_scaling_t0,wide,DEoptim,2079,2.1823071977603888e-94
23,DFT_CRT,value_scaling_t0,wide,DEoptim,2080,4.408058176948305e-62
23,DFT_CRT,value_scaling_t0,wide,DEoptim,2081,22540560371959833e158
23,DFT_CRT,value_scaling_t0,wide,DEoptim,2082,6.129092599390065e-144
23,DFT_CRT,value_scaling_t0,wide,DEoptim,2083,6.471959540630532e-144
23,DFT_CRT,value_scaling_t0,wide,DEoptim,2084,23514396436797673e164
23,DFT_CRT,value_scaling_t0,wide,DEoptim,2085,4.316296764214947e-96
23,DFT_CRT,value_scaling_t0,wide,DEoptim,2086,3.861401571037509e-86
23,DFT_CRT,value_scaling_t0,wide,DEoptim,2087,1.1493046381149876e-28
23,DFT_CRT,value_scaling_t0,wide,DEoptim,2088,1.14955115714775e-28
23,DFT_CRT,value_scaling_t0,wide,DEoptim,2089,1.1497976761810908e-28
23,DFT_CRT,value_scaling_t0,wide,DEoptim,2090,8.051092371285524e-144
23,DFT_CRT,value_scaling_t0,wide,DEoptim,2091,9.42868864207806e-143
23,DFT_CRT,value_scaling_t0,wide,DEoptim,2092,5.158082024936629e-72
23,DFT_CRT,value_scaling_t0,wide,DEoptim,2093,7.431751962502519e-144
23,DFT_CRT,value_scaling_t0,wide,DEoptim,2094,8.371450107105937e-144
23,DFT_CRT,value_scaling_t0,wide,DEoptim,2095,1.148318561983518e-28
23,DFT_CRT,value_scaling_t0,wide,DEoptim,2096,4.506186216000951e-144
23,DFT_CRT,value_scaling_t0,wide,DEoptim,2097,4.436919295929937e-38
23,DFT_CRT,value_scaling_t0,wide,DEoptim,2098,8.371464764905396e-144
23,DFT_CRT,value_scaling_t0,wide,DEoptim,2099,31513529148110508e217
23,DFT_CRT,value_scaling_t0,wide,DEoptim,2100,1.4518710413021414e-57
23,DFT_CRT,value_scaling_t0,wide,DEoptim,2101,6.217029227770868e-48
23,DFT_CRT,value_scaling_t0,wide,DEoptim,2102,4.074392246994856e-43
23,DFT_CRT,value_scaling_t0,wide,DEoptim,2103,2.67019372050678e-38
23,DFT_CRT,value_scaling_t0,wide,DEoptim,2104,4.506203244915682e-144
23,DFT_CRT,value_scaling_t0,wide,DEoptim,2105,4263442416816553e165
23,DFT_CRT,value_scaling_t0,wide,DEoptim,2106,1.147839930922494e-28
23,DFT_CRT,value_scaling_t0,wide,DEoptim,2107,1.3818769742920596e-47
23,DFT_CRT,value_scaling_t0,wide,DEoptim,2108,5.4888123455874e-144
23,DFT_CRT,value_scaling_t0,wide,DEoptim,2109,3.3702583085002604e-67
23,DFT_CRT,value_scaling_t0,wide,DEoptim,2110,5.498101009782087e-143
23,DFT_CRT,value_scaling_t0,wide,DEoptim,2111,1.6524185438103998e-76
23,DFT_CRT,value_scaling_t0,wide,DEoptim,2112,6.449425891094655e-144
23,DFT_CRT,value_scaling_t0,wide,DEoptim,2113,8.411497598705291e-143
23,DFT_CRT,value_scaling_t0,wide,DEoptim,2114,4.894231245757531e-62
23,DFT_CRT,value_scaling_t0,wide,DEoptim,2115,7.090092481255788e-144
23,DFT_CRT,value_scaling_t0,wide,DEoptim,2116,7.410425776330395e-144
23,DFT_CRT,value_scaling_t0,wide,DEoptim,2117,4.5060756064116374e-144
23,DFT_CRT,value_scaling_t0,wide,DEoptim,2118,4.3190747978675e-96
23,DFT_CRT,value_scaling_t0,wide,DEoptim,2119,20264014440518255e251
23,DFT_CRT,value_scaling_t0,wide,DEoptim,2120,5.186813549673559e-144
23,DFT_CRT,value_scaling_t0,wide,DEoptim,2121,4.422294284023626e-62
23,DFT_CRT,value_scaling_t0,wide,DEoptim,2122,5.22997942597237e-72
23,DFT_CRT,value_scaling_t0,wide,DEoptim,2123,4.50606338611029e-144
23,DFT_CRT,value_scaling_t0,wide,DEoptim,2124,5285558055301086e165
23,DFT_CRT,value_scaling_t0,wide,DEoptim,2125,1.4518710318065737e-57
23,DFT_CRT,value_scaling_t0,wide,DEoptim,2126,1.4475149261381944e-57
23,DFT_CRT,value_scaling_t0,wide,DEoptim,2127,31513471235334156e217
23,DFT_CRT,value_scaling_t0,wide,DEoptim,2128,1.4518710413021414e-57
23,DFT_CRT,value_scaling_t0,wide,DEoptim,2129,6.217029227770868e-48
23,DFT_CRT,value_scaling_t0,wide,DEoptim,2130,4.074392246994856e-43
23,DFT_CRT,value_scaling_t0,wide,DEoptim,2131,4.5060707084108865e-144
23,DFT_CRT,value_scaling_t0,wide,DEoptim,2132,4.3190747978675e-96
23,DFT_CRT,value_scaling_t0,wide,DEoptim,2133,20264014440518255e251
23,DFT_CRT,value_scaling_t0,wide,DEoptim,2134,5.186813549673559e-144
23,DFT_CRT,value_scaling_t0,wide,DEoptim,2135,1.7253199231358677e-47
23,DFT_CRT,value_scaling_t0,wide,DEoptim,2136,5.229979425972114e-72
23,DFT_CRT,value_scaling_t0,wide,DEoptim,2137,4.50606338611029e-144
23,DFT_CRT,value_scaling_t0,wide,DEoptim,2138,5285558055301086e165
23,DFT_CRT,value_scaling_t0,wide,DEoptim,2139,1.4518710318065737e-57
23,DFT_CRT,value_scaling_t0,wide,DEoptim,2140,1.4475149356894e-57
23,DFT_CRT,value_scaling_t0,wide,DEoptim,2141,20264675274972964e251
23,DFT_CRT,value_scaling_t0,wide,DEoptim,2142,6.769759190665868e-144
23,DFT_CRT,value_scaling_t0,wide,DEoptim,2143,5.832544137620899e-144
23,DFT_CRT,value_scaling_t0,wide,DEoptim,2144,5.168161140747349e-144
23,DFT_CRT,value_scaling_t0,wide,DEoptim,2145,6.449494321739117e-144
23,DFT_CRT,value_scaling_t0,wide,DEoptim,2146,18942346629521685e198
23,DFT_CRT,value_scaling_t0,wide,DEoptim,2147,17105018144650006e240
23,DFT_CRT,value_scaling_t0,wide,DEoptim,2148,5.14260712758836e-72
23,DFT_CRT,value_scaling_t0,wide,DEoptim,2149,4.271799761041637e-33
23,DFT_CRT,value_scaling_t0,wide,DEoptim,2150,21181665823483116e269
23,DFT_CRT,value_scaling_t0,wide,DEoptim,2151,6.149065004583855e-144
23,DFT_CRT,value_scaling_t0,wide,DEoptim,2152,1415309041119813e146
23,DFT_CRT,value_scaling_t0,wide,DEoptim,2153,1.1485650810192843e-28
23,DFT_CRT,value_scaling_t0,wide,DEoptim,2154,4.264890218901619e-96
23,DFT_CRT,value_scaling_t0,wide,DEoptim,2155,6670982989156401e136
23,DFT_CRT,value_scaling_t0,wide,DEoptim,2156,1.1490581190856763e-28
23,DFT_CRT,value_scaling_t0,wide,DEoptim,2157,4.259418166765855e-96
23,DFT_CRT,value_scaling_t0,wide,DEoptim,2158,4.257521688567133e-96
23,DFT_CRT,value_scaling_t0,wide,DEoptim,2159,4.259350468393398e-96
23,DFT_CRT,value_scaling_t0,wide,DEoptim,2160,7.283712139079958e-143
23,DFT_CRT,value_scaling_t0,wide,DEoptim,2161,5249672145286667e218
23,DFT_CRT,value_scaling_t0,wide,DEoptim,2162,1.4796767251341754e-76
23,DFT_CRT,value_scaling_t0,wide,DEoptim,2163,1.38133303695588e-47
23,DFT_CRT,value_scaling_t0,wide,DEoptim,2164,1.3927468634638945e-142
23,DFT_CRT,value_scaling_t0,wide,DEoptim,2165,4.260321674119987e-96
23,DFT_CRT,value_scaling_t0,wide,DEoptim,2166,3984507164173735e237
23,DFT_CRT,value_scaling_t0,wide,DEoptim,2167,8.37145987700727e-144
23,DFT_CRT,value_scaling_t0,wide,DEoptim,2168,4.5060658209589046e-144
23,DFT_CRT,value_scaling_t0,wide,DEoptim,2169,3762022704451281e184
23,DFT_CRT,value_scaling_t0,wide,DEoptim,2170,8.371469652803646e-144
23,DFT_CRT,value_scaling_t0,wide,DEoptim,2171,4.506060971247719e-144
23,DFT_CRT,value_scaling_t0,wide,DEoptim,2172,4.506055902407716e-144
23,DFT_CRT,value_scaling_t0,wide,DEoptim,2173,4.5060656782040796e-144
23,DFT_CRT,value_scaling_t0,wide,DEoptim,2174,4.312649065627135e-96
23,DFT_CRT,value_scaling_t0,wide,DEoptim,2175,4088103933645383e218
23,DFT_CRT,value_scaling_t0,wide,DEoptim,2176,5.186813549673559e-144
23,DFT_CRT,value_scaling_t0,wide,DEoptim,2177,1.795763758476506e-52
23,DFT_CRT,value_scaling_t0,wide,DEoptim,2178,5.229979425973405e-72
23,DFT_CRT,value_scaling_t0,wide,DEoptim,2179,4.50606338611029e-144
23,DFT_CRT,value_scaling_t0,wide,DEoptim,2180,5285558055301086e165
23,DFT_CRT,value_scaling_t0,wide,DEoptim,2181,3.380400668379324e-67
23,DFT_CRT,value_scaling_t0,wide,DEoptim,2182,1.4475149452591538e-57
23,DFT_CRT,value_scaling_t0,wide,DEoptim,2183,20264675274972964e251
23,DFT_CRT,value_scaling_t0,wide,DEoptim,2184,6.769759190665868e-144
23,DFT_CRT,value_scaling_t0,wide,DEoptim,2185,5.832544137620899e-144
23,DFT_CRT,value_scaling_t0,wide,DEoptim,2186,5.168161140747349e-144
23,DFT_CRT,value_scaling_t0,wide,DEoptim,2187,6.355242375177573e-67
23,DFT_CRT,value_scaling_t0,wide,DEoptim,2188,8.371484316498127e-144
23,DFT_CRT,value_scaling_t0,wide,DEoptim,2189,1.150044195217377e-28
23,DFT_CRT,value_scaling_t0,wide,DEoptim,2190,4.31811159112148e-96
23,DFT_CRT,value_scaling_t0,wide,DEoptim,2191,3.4451837945947495e-86
23,DFT_CRT,value_scaling_t0,wide,DEoptim,2192,5816861906844877e279
23,DFT_CRT,value_scaling_t0,wide,DEoptim,2193,3.380400646284064e-67
23,DFT_CRT,value_scaling_t0,wide,DEoptim,2194,8.371454989109032e-144
23,DFT_CRT,value_scaling_t0,wide,DEoptim,2195,2.20873284916061e-62
23,DFT_CRT,value_scaling_t0,wide,DEoptim,2196,8.969023042444431e-67
23,DFT_CRT,value_scaling_t0,wide,DEoptim,2197,800801576850327e145
23,DFT_CRT,value_scaling_t0,wide,DEoptim,2198,8.411497143006805e-143
23,DFT_CRT,value_scaling_t0,wide,DEoptim,2199,4.894231245757531e-62
23,DFT_CRT,value_scaling_t0,wide,DEoptim,2200,7.090092481255788e-144
23,DFT_CRT,value_scaling_t0,wide,DEoptim,2201,7.410425776330395e-144
23,DFT_CRT,value_scaling_t0,wide,DEoptim,2202,2.6701937387040436e-38
23,DFT_CRT,value_scaling_t0,wide,DEoptim,2203,4.5062204193860503e-144
23,DFT_CRT,value_scaling_t0,wide,DEoptim,2204,6077806797299741e165
23,DFT_CRT,value_scaling_t0,wide,DEoptim,2205,1.147839930922494e-28
23,DFT_CRT,value_scaling_t0,wide,DEoptim,2206,8.243159427115294e-67
23,DFT_CRT,value_scaling_t0,wide,DEoptim,2207,5.488812345587408e-144
23,DFT_CRT,value_scaling_t0,wide,DEoptim,2208,3.3702583085002604e-67
23,DFT_CRT,value_scaling_t0,wide,DEoptim,2209,5.498101009782087e-143
23,DFT_CRT,value_scaling_t0,wide,DEoptim,2210,7.09708360496961e-67
23,DFT_CRT,value_scaling_t0,wide,DEoptim,2211,6.449425890946653e-144
23,DFT_CRT,value_scaling_t0,wide,DEoptim,2212,3512779733465568e136
23,DFT_CRT,value_scaling_t0,wide,DEoptim,2213,1.1490581190856763e-28
23,DFT_CRT,value_scaling_t0,wide,DEoptim,2214,4.259418166765855e-96
23,DFT_CRT,value_scaling_t0,wide,DEoptim,2215,4.257521688567133e-96
23,DFT_CRT,value_scaling_t0,wide,DEoptim,2216,5.346127299652479e-38
23,DFT_CRT,value_scaling_t0,wide,DEoptim,2217,3982572371306514e231
23,DFT_CRT,value_scaling_t0,wide,DEoptim,2218,8.371489204396376e-144
23,DFT_CRT,value_scaling_t0,wide,DEoptim,2219,4.506217844961051e-144
23,DFT_CRT,value_scaling_t0,wide,DEoptim,2220,6.7701403013759314e-43
23,DFT_CRT,value_scaling_t0,wide,DEoptim,2221,2.1823026257929083e-94
23,DFT_CRT,value_scaling_t0,wide,DEoptim,2222,4.408058176948305e-62
23,DFT_CRT,value_scaling_t0,wide,DEoptim,2223,22540560371959833e158
23,DFT_CRT,value_scaling_t0,wide,DEoptim,2224,6.129092599390065e-144
23,DFT_CRT,value_scaling_t0,wide,DEoptim,2225,7.749538701258718e-144
23,DFT_CRT,value_scaling_t0,wide,DEoptim,2226,3925523001091327e237
23,DFT_CRT,value_scaling_t0,wide,DEoptim,2227,6.769759190665868e-144
23,DFT_CRT,value_scaling_t0,wide,DEoptim,2228,5.832544137620899e-144
23,DFT_CRT,value_scaling_t0,wide,DEoptim,2229,5.168161140747349e-144
23,DFT_CRT,value_scaling_t0,wide,DEoptim,2230,5.808827731280525e-144
23,DFT_CRT,value_scaling_t0,wide,DEoptim,2231,18942346629521685e198
23,DFT_CRT,value_scaling_t0,wide,DEoptim,2232,17105018144650006e240
23,DFT_CRT,value_scaling_t0,wide,DEoptim,2233,5.14260712758836e-72
23,DFT_CRT,value_scaling_t0,wide,DEoptim,2234,1.6564562057634118e-76
23,DFT_CRT,value_scaling_t0,wide,DEoptim,2235,211816661338701e271
23,DFT_CRT,value_scaling_t0,wide,DEoptim,2236,6.149065004583855e-144
23,DFT_CRT,value_scaling_t0,wide,DEoptim,2237,1415309041119813e146
23,DFT_CRT,value_scaling_t0,wide,DEoptim,2238,1.1485650810192843e-28
23,DFT_CRT,value_scaling_t0,wide,DEoptim,2239,4.257600102283091e-96
23,DFT_CRT,value_scaling_t0,wide,DEoptim,2240,3483202550526979e213
23,DFT_CRT,value_scaling_t0,wide,DEoptim,2241,4.506212994353122e-144
23,DFT_CRT,value_scaling_t0,wide,DEoptim,2242,1.5765143032030427e-52
23,DFT_CRT,value_scaling_t0,wide,DEoptim,2243,8.371474540701757e-144
23,DFT_CRT,value_scaling_t0,wide,DEoptim,2244,8.371479428599936e-144
23,DFT_CRT,value_scaling_t0,wide,DEoptim,2245,1.1497976761807503e-28
23,DFT_CRT,value_scaling_t0,wide,DEoptim,2246,8.051092371809647e-144
23,DFT_CRT,value_scaling_t0,wide,DEoptim,2247,9.42874335491433e-143
23,DFT_CRT,value_scaling_t0,wide,DEoptim,2248,2.2153793607188277e-62
23,DFT_CRT,value_scaling_t0,wide,DEoptim,2249,6.475752473102108e-144
23,DFT_CRT,value_scaling_t0,wide,DEoptim,2250,8.371450107105937e-144
23,DFT_CRT,value_scaling_t0,wide,DEoptim,2251,1.148318561983518e-28
23,DFT_CRT,value_scaling_t0,wide,DEoptim,2252,4.506186216000951e-144
23,DFT_CRT,value_scaling_t0,wide,DEoptim,2253,1.0330502534872838e-47
23,DFT_CRT,value_scaling_t0,wide,DEoptim,2254,8.371464764905396e-144
23,DFT_CRT,value_scaling_t0,wide,DEoptim,2255,3151318853771983e218
23,DFT_CRT,value_scaling_t0,wide,DEoptim,2256,1.4518710413021414e-57
23,DFT_CRT,value_scaling_t0,wide,DEoptim,2257,6.217029227770868e-48
23,DFT_CRT,value_scaling_t0,wide,DEoptim,2258,4.074392246994856e-43
23,DFT_CRT,value_scaling_t0,wide,DEoptim,2259,4.26489383166941e-96
23,DFT_CRT,value_scaling_t0,wide,DEoptim,2260,9.968639408524333e-143
23,DFT_CRT,value_scaling_t0,wide,DEoptim,2261,5331796576433915e213
23,DFT_CRT,value_scaling_t0,wide,DEoptim,2262,1.4796767251341776e-76
23,DFT_CRT,value_scaling_t0,wide,DEoptim,2263,2.0025724594168035e-76
23,DFT_CRT,value_scaling_t0,wide,DEoptim,2264,1.3927468634638477e-142
23,DFT_CRT,value_scaling_t0,wide,DEoptim,2265,4.260321674119987e-96
23,DFT_CRT,value_scaling_t0,wide,DEoptim,2266,3984507164173735e237
23,DFT_CRT,value_scaling_t0,wide,DEoptim,2267,8.37145987700727e-144
23,DFT_CRT,value_scaling_t0,wide,DEoptim,2268,4.5060756635828736e-144
23,DFT_CRT,value_scaling_t0,wide,DEoptim,2269,5381512235207632e213
23,DFT_CRT,value_scaling_t0,wide,DEoptim,2270,9.48643569367367e-53
23,DFT_CRT,value_scaling_t0,wide,DEoptim,2271,7.856272516837054e-67
23,DFT_CRT,value_scaling_t0,wide,DEoptim,2272,7.870608711480654e-77
23,DFT_CRT,value_scaling_t0,wide,DEoptim,2273,5.158082142023478e-72
23,DFT_CRT,value_scaling_t0,wide,DEoptim,2274,1.1497976761810944e-28
23,DFT_CRT,value_scaling_t0,wide,DEoptim,2275,8.051092371809647e-144
23,DFT_CRT,value_scaling_t0,wide,DEoptim,2276,9.42874335491433e-143
23,DFT_CRT,value_scaling_t0,wide,DEoptim,2277,5.158082024936629e-72
23,DFT_CRT,value_scaling_t0,wide,DEoptim,2278,8.071177180017595e-144
23,DFT_CRT,value_scaling_t0,wide,DEoptim,2279,8.371450107105937e-144
23,DFT_CRT,value_scaling_t0,wide,DEoptim,2280,1.148318561983518e-28
23,DFT_CRT,value_scaling_t0,wide,DEoptim,2281,4.506186216000951e-144
23,DFT_CRT,value_scaling_t0,wide,DEoptim,2282,2.40463646836726e-57
23,DFT_CRT,value_scaling_t0,wide,DEoptim,2283,8.371464764905398e-144
23,DFT_CRT,value_scaling_t0,wide,DEoptim,2284,31513529148110508e217
23,DFT_CRT,value_scaling_t0,wide,DEoptim,2285,1.4518710413021414e-57
23,DFT_CRT,value_scaling_t0,wide,DEoptim,2286,6.217029227770868e-48
23,DFT_CRT,value_scaling_t0,wide,DEoptim,2287,4.074392246994856e-43
23,DFT_CRT,value_scaling_t0,wide,DEoptim,2288,2.6701937380230106e-38
23,DFT_CRT,value_scaling_t0,wide,DEoptim,2289,4.5062204193860503e-144
23,DFT_CRT,value_scaling_t0,wide,DEoptim,2290,6077806797299741e165
23,DFT_CRT,value_scaling_t0,wide,DEoptim,2291,1.147839930922494e-28
23,DFT_CRT,value_scaling_t0,wide,DEoptim,2292,7.27136512669811e-43
23,DFT_CRT,value_scaling_t0,wide,DEoptim,2293,5.488812345587405e-144
23,DFT_CRT,value_scaling_t0,wide,DEoptim,2294,3.3702583085002604e-67
23,DFT_CRT,value_scaling_t0,wide,DEoptim,2295,5.498101009782087e-143
23,DFT_CRT,value_scaling_t0,wide,DEoptim,2296,3.685016490684274e-33
23,DFT_CRT,value_scaling_t0,wide,DEoptim,2297,6.449425891245278e-144
23,DFT_CRT,value_scaling_t0,wide,DEoptim,2298,7671271985282857e136
23,DFT_CRT,value_scaling_t0,wide,DEoptim,2299,1.1490581190856763e-28
23,DFT_CRT,value_scaling_t0,wide,DEoptim,2300,4.259418166765855e-96
23,DFT_CRT,value_scaling_t0,wide,DEoptim,2301,4.257521688567133e-96
23,DFT_CRT,value_scaling_t0,wide,DEoptim,2302,7.108813588339002e-144
23,DFT_CRT,value_scaling_t0,wide,DEoptim,2303,13378129467774362e232
23,DFT_CRT,value_scaling_t0,wide,DEoptim,2304,7670155410670779e197
23,DFT_CRT,value_scaling_t0,wide,DEoptim,2305,5.142607127590161e-72
23,DFT_CRT,value_scaling_t0,wide,DEoptim,2306,3.5014277832867424e-33
23,DFT_CRT,value_scaling_t0,wide,DEoptim,2307,21181666046105266e269
23,DFT_CRT,value_scaling_t0,wide,DEoptim,2308,6.149065004583855e-144
23,DFT_CRT,value_scaling_t0,wide,DEoptim,2309,1415309041119813e146
23,DFT_CRT,value_scaling_t0,wide,DEoptim,2310,1.1485650810192843e-28
23,DFT_CRT,value_scaling_t0,wide,DEoptim,2311,4.264890218901619e-96
23,DFT_CRT,value_scaling_t0,wide,DEoptim,2312,6670982989156401e136
23,DFT_CRT,value_scaling_t0,wide,DEoptim,2313,1.1490581190856763e-28
23,DFT_CRT,value_scaling_t0,wide,DEoptim,2314,4.259418166765855e-96
23,DFT_CRT,value_scaling_t0,wide,DEoptim,2315,4.257521688567133e-96
23,DFT_CRT,value_scaling_t0,wide,DEoptim,2316,4.259350468393398e-96
23,DFT_CRT,value_scaling_t0,wide,DEoptim,2317,7.283712139079958e-143
23,DFT_CRT,value_scaling_t0,wide,DEoptim,2318,5249672145286667e218
23,DFT_CRT,value_scaling_t0,wide,DEoptim,2319,1.4796767251341754e-76
23,DFT_CRT,value_scaling_t0,wide,DEoptim,2320,2.6322182777665798e-52
23,DFT_CRT,value_scaling_t0,wide,DEoptim,2321,1.3927468634401209e-142
23,DFT_CRT,value_scaling_t0,wide,DEoptim,2322,4.260321674119987e-96
23,DFT_CRT,value_scaling_t0,wide,DEoptim,2323,3984507164173735e237
23,DFT_CRT,value_scaling_t0,wide,DEoptim,2324,8.37145987700727e-144
23,DFT_CRT,value_scaling_t0,wide,DEoptim,2325,4.506056073803443e-144
23,DFT_CRT,value_scaling_t0,wide,DEoptim,2326,5381512235207632e213
23,DFT_CRT,value_scaling_t0,wide,DEoptim,2327,9.48643569367367e-53
23,DFT_CRT,value_scaling_t0,wide,DEoptim,2328,7.856272516837054e-67
23,DFT_CRT,value_scaling_t0,wide,DEoptim,2329,7.870608711480654e-77
23,DFT_CRT,value_scaling_t0,wide,DEoptim,2330,2.2153794110072467e-62
23,DFT_CRT,value_scaling_t0,wide,DEoptim,2331,8.37148431649812e-144
23,DFT_CRT,value_scaling_t0,wide,DEoptim,2332,1.150044195217377e-28
23,DFT_CRT,value_scaling_t0,wide,DEoptim,2333,4.31811159112148e-96
23,DFT_CRT,value_scaling_t0,wide,DEoptim,2334,3.4451837945947495e-86
23,DFT_CRT,value_scaling_t0,wide,DEoptim,2335,5814391603053472e279
23,DFT_CRT,value_scaling_t0,wide,DEoptim,2336,3.380400646284064e-67
23,DFT_CRT,value_scaling_t0,wide,DEoptim,2337,8.371454989109032e-144
23,DFT_CRT,value_scaling_t0,wide,DEoptim,2338,2.20873284916061e-62
23,DFT_CRT,value_scaling_t0,wide,DEoptim,2339,5.930497801187402e-38
23,DFT_CRT,value_scaling_t0,wide,DEoptim,2340,800801576850327e145
23,DFT_CRT,value_scaling_t0,wide,DEoptim,2341,8.411497143006805e-143
23,DFT_CRT,value_scaling_t0,wide,DEoptim,2342,4.894231245757531e-62
23,DFT_CRT,value_scaling_t0,wide,DEoptim,2343,7.090092481255788e-144
23,DFT_CRT,value_scaling_t0,wide,DEoptim,2344,7.410425776330395e-144
23,DFT_CRT,value_scaling_t0,wide,DEoptim,2345,7.730759072156358e-144
23,DFT_CRT,value_scaling_t0,wide,DEoptim,2346,1.7499384912320404e-33
23,DFT_CRT,value_scaling_t0,wide,DEoptim,2347,1143656011932e231
23,DFT_CRT,value_scaling_t0,wide,DEoptim,2348,8.371445498970012e-144
23,DFT_CRT,value_scaling_t0,wide,DEoptim,2349,4.916060228058008e-62
23,DFT_CRT,value_scaling_t0,wide,DEoptim,2350,1.148072340266789e-28
23,DFT_CRT,value_scaling_t0,wide,DEoptim,2351,5.808759300412299e-144
23,DFT_CRT,value_scaling_t0,wide,DEoptim,2352,4.3062777922162335e-96
23,DFT_CRT,value_scaling_t0,wide,DEoptim,2353,5.067074926114265e-86
23,DFT_CRT,value_scaling_t0,wide,DEoptim,2354,1.1488116000495693e-28
23,DFT_CRT,value_scaling_t0,wide,DEoptim,2355,37634503646130415e183
23,DFT_CRT,value_scaling_t0,wide,DEoptim,2356,8.371469652803646e-144
23,DFT_CRT,value_scaling_t0,wide,DEoptim,2357,4.506060971247719e-144
23,DFT_CRT,value_scaling_t0,wide,DEoptim,2358,4.506055902407716e-144
23,DFT_CRT,value_scaling_t0,wide,DEoptim,2359,4.263061272023472e-96
23,DFT_CRT,value_scaling_t0,wide,DEoptim,2360,9.968639408524333e-143
23,DFT_CRT,value_scaling_t0,wide,DEoptim,2361,5331796576433915e213
23,DFT_CRT,value_scaling_t0,wide,DEoptim,2362,1.4796767251341776e-76
23,DFT_CRT,value_scaling_t0,wide,DEoptim,2363,1.9182348707234017e-76
23,DFT_CRT,value_scaling_t0,wide,DEoptim,2364,1.392746863463615e-142
23,DFT_CRT,value_scaling_t0,wide,DEoptim,2365,4.260321674119987e-96
23,DFT_CRT,value_scaling_t0,wide,DEoptim,2366,3984507164173735e237
23,DFT_CRT,value_scaling_t0,wide,DEoptim,2367,8.37145987700727e-144
23,DFT_CRT,value_scaling_t0,wide,DEoptim,2368,4.506060999887456e-144
23,DFT_CRT,value_scaling_t0,wide,DEoptim,2369,30882938249507892e246
23,DFT_CRT,value_scaling_t0,wide,DEoptim,2370,9.486435693673637e-53
23,DFT_CRT,value_scaling_t0,wide,DEoptim,2371,7.856272516837054e-67
23,DFT_CRT,value_scaling_t0,wide,DEoptim,2372,7.870608711480654e-77
23,DFT_CRT,value_scaling_t0,wide,DEoptim,2373,6.235738681185316e-48
23,DFT_CRT,value_scaling_t0,wide,DEoptim,2374,8.371484316498122e-144
23,DFT_CRT,value_scaling_t0,wide,DEoptim,2375,1.150044195217377e-28
23,DFT_CRT,value_scaling_t0,wide,DEoptim,2376,4.31811159112148e-96
23,DFT_CRT,value_scaling_t0,wide,DEoptim,2377,3.4451837945947495e-86
23,DFT_CRT,value_scaling_t0,wide,DEoptim,2378,5810649383363187e279
23,DFT_CRT,value_scaling_t0,wide,DEoptim,2379,3.380400646284064e-67
23,DFT_CRT,value_scaling_t0,wide,DEoptim,2380,8.371454989109032e-144
23,DFT_CRT,value_scaling_t0,wide,DEoptim,2381,2.20873284916061e-62
23,DFT_CRT,value_scaling_t0,wide,DEoptim,2382,1.4837421461124996e-76
23,DFT_CRT,value_scaling_t0,wide,DEoptim,2383,800801576850327e145
23,DFT_CRT,value_scaling_t0,wide,DEoptim,2384,9.486435693673665e-53
23,DFT_CRT,value_scaling_t0,wide,DEoptim,2385,7.856272516837054e-67
23,DFT_CRT,value_scaling_t0,wide,DEoptim,2386,7.870608711480654e-77
23,DFT_CRT,value_scaling_t0,wide,DEoptim,2387,2.2153794110072467e-62
23,DFT_CRT,value_scaling_t0,wide,DEoptim,2388,8.37148431649812e-144
23,DFT_CRT,value_scaling_t0,wide,DEoptim,2389,1.150044195217377e-28
23,DFT_CRT,value_scaling_t0,wide,DEoptim,2390,4.31811159112148e-96
23,DFT_CRT,value_scaling_t0,wide,DEoptim,2391,3.6462602629333444e-86
23,DFT_CRT,value_scaling_t0,wide,DEoptim,2392,5813144203455402e279
23,DFT_CRT,value_scaling_t0,wide,DEoptim,2393,3.380400646284064e-67
23,DFT_CRT,value_scaling_t0,wide,DEoptim,2394,8.371454989109032e-144
23,DFT_CRT,value_scaling_t0,wide,DEoptim,2395,2.20873284916061e-62
23,DFT_CRT,value_scaling_t0,wide,DEoptim,2396,1.3808005761896066e-47
23,DFT_CRT,value_scaling_t0,wide,DEoptim,2397,800801576850327e145
23,DFT_CRT,value_scaling_t0,wide,DEoptim,2398,9.486435693673665e-53
23,DFT_CRT,value_scaling_t0,wide,DEoptim,2399,7.856272516837054e-67
23,DFT_CRT,value_scaling_t0,wide,DEoptim,2400,7.870608711480654e-77
23,DFT_CRT,value_scaling_t0,wide,DEoptim,2401,2.67822937020931e-38
23,DFT_CRT,value_scaling_t0,wide,DEoptim,2402,7670155385588496e197
23,DFT_CRT,value_scaling_t0,wide,DEoptim,2403,8.371489204396368e-144
23,DFT_CRT,value_scaling_t0,wide,DEoptim,2404,4.50621784470016e-144
23,DFT_CRT,value_scaling_t0,wide,DEoptim,2405,2.4055481563735748e-57
23,DFT_CRT,value_scaling_t0,wide,DEoptim,2406,2.182303777797703e-94
23,DFT_CRT,value_scaling_t0,wide,DEoptim,2407,4.408058176948305e-62
23,DFT_CRT,value_scaling_t0,wide,DEoptim,2408,22540560371959833e158
23,DFT_CRT,value_scaling_t0,wide,DEoptim,2409,6.129092599390065e-144
23,DFT_CRT,value_scaling_t0,wide,DEoptim,2410,7.110123355379975e-144
23,DFT_CRT,value_scaling_t0,wide,DEoptim,2411,3925523001091327e237
23,DFT_CRT,value_scaling_t0,wide,DEoptim,2412,6.769759190665868e-144
23,DFT_CRT,value_scaling_t0,wide,DEoptim,2413,5.832544137620899e-144
23,DFT_CRT,value_scaling_t0,wide,DEoptim,2414,5.168161140747349e-144
23,DFT_CRT,value_scaling_t0,wide,DEoptim,2415,6.355242375177573e-67
23,DFT_CRT,value_scaling_t0,wide,DEoptim,2416,8.371484316498127e-144
23,DFT_CRT,value_scaling_t0,wide,DEoptim,2417,1.150044195217377e-28
23,DFT_CRT,value_scaling_t0,wide,DEoptim,2418,4.31811159112148e-96
23,DFT_CRT,value_scaling_t0,wide,DEoptim,2419,3.6462602629333444e-86
23,DFT_CRT,value_scaling_t0,wide,DEoptim,2420,5818124039581682e279
23,DFT_CRT,value_scaling_t0,wide,DEoptim,2421,3.380400646284064e-67
23,DFT_CRT,value_scaling_t0,wide,DEoptim,2422,8.371454989109032e-144
23,DFT_CRT,value_scaling_t0,wide,DEoptim,2423,2.20873284916061e-62
23,DFT_CRT,value_scaling_t0,wide,DEoptim,2424,5.930497801187402e-38
23,DFT_CRT,value_scaling_t0,wide,DEoptim,2425,800801576850327e145
23,DFT_CRT,value_scaling_t0,wide,DEoptim,2426,8.411497143006805e-143
23,DFT_CRT,value_scaling_t0,wide,DEoptim,2427,4.894231245757531e-62
23,DFT_CRT,value_scaling_t0,wide,DEoptim,2428,7.090092481255788e-144
23,DFT_CRT,value_scaling_t0,wide,DEoptim,2429,7.410425776330395e-144
23,DFT_CRT,value_scaling_t0,wide,DEoptim,2430,7.730759072156358e-144
23,DFT_CRT,value_scaling_t0,wide,DEoptim,2431,1.7499384912320404e-33
23,DFT_CRT,value_scaling_t0,wide,DEoptim,2432,1143656011932e231
23,DFT_CRT,value_scaling_t0,wide,DEoptim,2433,8.371445498970012e-144
23,DFT_CRT,value_scaling_t0,wide,DEoptim,2434,7.864960333044185e-67
23,DFT_CRT,value_scaling_t0,wide,DEoptim,2435,1.148072340266789e-28
23,DFT_CRT,value_scaling_t0,wide,DEoptim,2436,5.808759300412299e-144
23,DFT_CRT,value_scaling_t0,wide,DEoptim,2437,4.3062777922162335e-96
23,DFT_CRT,value_scaling_t0,wide,DEoptim,2438,3.459248634359954e-86
23,DFT_CRT,value_scaling_t0,wide,DEoptim,2439,1.1488116000493384e-28
23,DFT_CRT,value_scaling_t0,wide,DEoptim,2440,4.316296764048399e-96
23,DFT_CRT,value_scaling_t0,wide,DEoptim,2441,3.861401571037509e-86
23,DFT_CRT,value_scaling_t0,wide,DEoptim,2442,1.1493046381149876e-28
23,DFT_CRT,value_scaling_t0,wide,DEoptim,2443,1.14955115714775e-28
23,DFT_CRT,value_scaling_t0,wide,DEoptim,2444,7.730759072011534e-144
23,DFT_CRT,value_scaling_t0,wide,DEoptim,2445,1.7499385315670154e-33
23,DFT_CRT,value_scaling_t0,wide,DEoptim,2446,11451137975065735e227
23,DFT_CRT,value_scaling_t0,wide,DEoptim,2447,8.371445498970012e-144
23,DFT_CRT,value_scaling_t0,wide,DEoptim,2448,4.46967090856444e-33
23,DFT_CRT,value_scaling_t0,wide,DEoptim,2449,1.148072340266789e-28
23,DFT_CRT,value_scaling_t0,wide,DEoptim,2450,5.808759300412299e-144
23,DFT_CRT,value_scaling_t0,wide,DEoptim,2451,4.3062777922162335e-96
23,DFT_CRT,value_scaling_t0,wide,DEoptim,2452,4.664136534482628e-86
23,DFT_CRT,value_scaling_t0,wide,DEoptim,2453,1.1488116000495695e-28
23,DFT_CRT,value_scaling_t0,wide,DEoptim,2454,37634503646130415e183
23,DFT_CRT,value_scaling_t0,wide,DEoptim,2455,8.371469652803646e-144
23,DFT_CRT,value_scaling_t0,wide,DEoptim,2456,4.506060971247719e-144
23,DFT_CRT,value_scaling_t0,wide,DEoptim,2457,4.506055902407716e-144
23,DFT_CRT,value_scaling_t0,wide,DEoptim,2458,7.750804342748261e-144
23,DFT_CRT,value_scaling_t0,wide,DEoptim,2459,13378129467774362e232
23,DFT_CRT,value_scaling_t0,wide,DEoptim,2460,7670155410670779e197
23,DFT_CRT,value_scaling_t0,wide,DEoptim,2461,5.142607127590161e-72
23,DFT_CRT,value_scaling_t0,wide,DEoptim,2462,2.3157472906722007e-52
23,DFT_CRT,value_scaling_t0,wide,DEoptim,2463,21181666001443833e269
23,DFT_CRT,value_scaling_t0,wide,DEoptim,2464,6.149065004583855e-144
23,DFT_CRT,value_scaling_t0,wide,DEoptim,2465,1415309041119813e146
23,DFT_CRT,value_scaling_t0,wide,DEoptim,2466,1.1485650810192843e-28
23,DFT_CRT,value_scaling_t0,wide,DEoptim,2467,4.262154192833737e-96
23,DFT_CRT,value_scaling_t0,wide,DEoptim,2468,3483202550526979e213
23,DFT_CRT,value_scaling_t0,wide,DEoptim,2469,4.506212994353122e-144
23,DFT_CRT,value_scaling_t0,wide,DEoptim,2470,1.5765143032030427e-52
23,DFT_CRT,value_scaling_t0,wide,DEoptim,2471,8.371474540701757e-144
23,DFT_CRT,value_scaling_t0,wide,DEoptim,2472,8.371479428599936e-144
23,DFT_CRT,value_scaling_t0,wide,DEoptim,2473,8.37148431649812e-144
23,DFT_CRT,value_scaling_t0,wide,DEoptim,2474,1.1500441952169737e-28
23,DFT_CRT,value_scaling_t0,wide,DEoptim,2475,4.318111493510518e-96
23,DFT_CRT,value_scaling_t0,wide,DEoptim,2476,3.6462602629333444e-86
23,DFT_CRT,value_scaling_t0,wide,DEoptim,2477,581689131468432e280
23,DFT_CRT,value_scaling_t0,wide,DEoptim,2478,3.380400646284064e-67
23,DFT_CRT,value_scaling_t0,wide,DEoptim,2479,8.371454989109032e-144
23,DFT_CRT,value_scaling_t0,wide,DEoptim,2480,2.20873284916061e-62
23,DFT_CRT,value_scaling_t0,wide,DEoptim,2481,6.812154420028574e-38
23,DFT_CRT,value_scaling_t0,wide,DEoptim,2482,5248133214046303e149
23,DFT_CRT,value_scaling_t0,wide,DEoptim,2483,8.4114976920586235e-143
23,DFT_CRT,value_scaling_t0,wide,DEoptim,2484,4.894231245757531e-62
23,DFT_CRT,value_scaling_t0,wide,DEoptim,2485,7.090092481255788e-144
23,DFT_CRT,value_scaling_t0,wide,DEoptim,2486,7.410425776330395e-144
23,DFT_CRT,value_scaling_t0,wide,DEoptim,2487,2.6701937560492175e-38
23,DFT_CRT,value_scaling_t0,wide,DEoptim,2488,4.5062204193860503e-144
23,DFT_CRT,value_scaling_t0,wide,DEoptim,2489,6077806797299741e165
23,DFT_CRT,value_scaling_t0,wide,DEoptim,2490,1.147839930922494e-28
23,DFT_CRT,value_scaling_t0,wide,DEoptim,2491,5.056926044720011e-38
23,DFT_CRT,value_scaling_t0,wide,DEoptim,2492,5.488812345587406e-144
23,DFT_CRT,value_scaling_t0,wide,DEoptim,2493,3.3702583085002604e-67
23,DFT_CRT,value_scaling_t0,wide,DEoptim,2494,5.498101009782087e-143
23,DFT_CRT,value_scaling_t0,wide,DEoptim,2495,3.685016490684274e-33
23,DFT_CRT,value_scaling_t0,wide,DEoptim,2496,6.449425890646863e-144
23,DFT_CRT,value_scaling_t0,wide,DEoptim,2497,8.411497598705291e-143
23,DFT_CRT,value_scaling_t0,wide,DEoptim,2498,4.894231245757531e-62
23,DFT_CRT,value_scaling_t0,wide,DEoptim,2499,7.090092481255788e-144
23,DFT_CRT,value_scaling_t0,wide,DEoptim,2500,7.410425776330395e-144
23,DFT_CRT,value_scaling_t0,wide,DEoptim,2501,2.6701937210851786e-38
23,DFT_CRT,value_scaling_t0,wide,DEoptim,2502,4.5062204193860503e-144
23,DFT_CRT,value_scaling_t0,wide,DEoptim,2503,6077806797299741e165
23,DFT_CRT,value_scaling_t0,wide,DEoptim,2504,1.147839930922494e-28
23,DFT_CRT,value_scaling_t0,wide,DEoptim,2505,1.0864604034782514e-71
23,DFT_CRT,value_scaling_t0,wide,DEoptim,2506,38668244529347123e217
23,DFT_CRT,value_scaling_t0,wide,DEoptim,2507,3886255320068952e270
23,DFT_CRT,value_scaling_t0,wide,DEoptim,2508,1063735765841754e233
23,DFT_CRT,value_scaling_t0,wide,DEoptim,2509,7.793535199413394e-143
23,DFT_CRT,value_scaling_t0,wide,DEoptim,2510,7364976331733779e256
23,DFT_CRT,value_scaling_t0,wide,DEoptim,2511,2.1995651561495957e-94
23,DFT_CRT,value_scaling_t0,wide,DEoptim,2512,3886255399839929e270
23,DFT_CRT,value_scaling_t0,wide,DEoptim,2513,6.163994252281392e-71
23,DFT_CRT,value_scaling_t0,wide,DEoptim,2514,1.2495854090453078e-142
23,DFT_CRT,value_scaling_t0,wide,DEoptim,2515,4.5631002514622174e-144
23,DFT_CRT,value_scaling_t0,wide,DEoptim,2516,38862552400210864e269
23,DFT_CRT,value_scaling_t0,wide,DEoptim,2517,3.706305891282614e-81
23,DFT_CRT,value_scaling_t0,wide,DEoptim,2518,2.4759397505252345e-259
23,DFT_CRT,value_scaling_t0,wide,DEoptim,2519,2.6670041679657036e-260
23,DFT_CRT,value_scaling_t0,wide,DEoptim,2520,41893730876056655e18
23,DFT_CRT,value_scaling_t0,wide,DEoptim,2521,1941622911067036e212
23,DFT_CRT,value_scaling_t0,wide,DEoptim,2522,9921714468422632e232
23,DFT_CRT,value_scaling_t0,wide,DEoptim,2523,8765805147869678e213
23,DFT_CRT,value_scaling_t0,wide,DEoptim,2524,15386682529070308e240
23,DFT_CRT,value_scaling_t0,wide,DEoptim,2525,2.081117419571144e-115
23,DFT_CRT,value_scaling_t0,wide,DEoptim,2526,1587518663038797e217
23,DFT_CRT,value_scaling_t0,wide,DEoptim,2527,11444805354521902e227
23,DFT_CRT,value_scaling_t0,wide,DEoptim,2528,1.8159689052059124e-152
23,DFT_CRT,value_scaling_t0,wide,DEoptim,2529,3507664433818068e136
23,DFT_CRT,value_scaling_t0,wide,DEoptim,2530,4824088594247908e213
23,DFT_CRT,value_scaling_t0,wide,DEoptim,2531,5.981940273830193e-154
23,DFT_CRT,value_scaling_t0,wide,DEoptim,2532,39822267040027425e193
23,DFT_CRT,value_scaling_t0,wide,DEoptim,2533,9083667908579871e208
23,DFT_CRT,value_scaling_t0,wide,DEoptim,2534,18178640323204534e169
23,DFT_CRT,value_scaling_t0,wide,DEoptim,2535,42335539104112446e159
23,DFT_CRT,value_scaling_t0,wide,DEoptim,2536,2.4688002339220124e-154
23,DFT_CRT,value_scaling_t0,wide,DEoptim,2537,3809858507195162e165
23,DFT_CRT,value_scaling_t0,wide,DEoptim,2538,8.629736044219142e-91
23,DFT_CRT,value_scaling_t0,wide,DEoptim,2539,25945961758539773e145
23,DFT_CRT,value_scaling_t0,wide,DEoptim,2540,1336336207147979e164
23,DFT_CRT,value_scaling_t0,wide,DEoptim,2541,2.081117586002736e-115
23,DFT_CRT,value_scaling_t0,wide,DEoptim,2542,1144892396418239e228
23,DFT_CRT,value_scaling_t0,wide,DEoptim,2543,2.180727548192601e-153
23,DFT_CRT,value_scaling_t0,wide,DEoptim,2544,26417685759387276e164
23,DFT_CRT,value_scaling_t0,wide,DEoptim,2545,3.5284464052258026e-258
23,DFT_CRT,value_scaling_t0,wide,DEoptim,2546,7698469797957239e203
23,DFT_CRT,value_scaling_t0,wide,DEoptim,2547,4.443144557258723e-19
23,DFT_CRT,value_scaling_t0,wide,DEoptim,2548,4825913026057959e261
23,DFT_CRT,value_scaling_t0,wide,DEoptim,2549,5.981951653565311e-154
23,DFT_CRT,value_scaling_t0,wide,DEoptim,2550,6690593403661578e136
23,DFT_CRT,value_scaling_t0,wide,DEoptim,2551,4.459017927414768e-19
23,DFT_CRT,value_scaling_t0,wide,DEoptim,2552,1306893996156455e164
23,DFT_CRT,value_scaling_t0,wide,DEoptim,2553,17888165027312765e145
23,DFT_CRT,value_scaling_t0,wide,DEoptim,2554,6.563034668878992e-260
23,DFT_CRT,value_scaling_t0,wide,DEoptim,2555,7876998780286516e261
23,DFT_CRT,value_scaling_t0,wide,DEoptim,2556,52967226114619025e164
23,DFT_CRT,value_scaling_t0,wide,DEoptim,2557,1.2784949356801124e-152
23,DFT_CRT,value_scaling_t0,wide,DEoptim,2558,38098585071985957e164
23,DFT_CRT,value_scaling_t0,wide,DEoptim,2559,7.286158510704094e-130
23,DFT_CRT,value_scaling_t0,wide,DEoptim,2560,1.9941619814404732e+174
23,DFT_CRT,value_scaling_t0,wide,DEoptim,2561,4388512105357301e242
23,DFT_CRT,value_scaling_t0,wide,DEoptim,2562,2586742418485435e146
23,DFT_CRT,value_scaling_t0,wide,DEoptim,2563,16749481166457325e227
23,DFT_CRT,value_scaling_t0,wide,DEoptim,2564,6710846213805257e155
23,DFT_CRT,value_scaling_t0,wide,DEoptim,2565,2.4570740671915637e-86
23,DFT_CRT,value_scaling_t0,wide,DEoptim,2566,2.1120312660680454e-110
23,DFT_CRT,value_scaling_t0,wide,DEoptim,2567,3.7774058755295722e-258
23,DFT_CRT,value_scaling_t0,wide,DEoptim,2568,2389546672771102e165
23,DFT_CRT,value_scaling_t0,wide,DEoptim,2569,3984500777225761e237
23,DFT_CRT,value_scaling_t0,wide,DEoptim,2570,14285398732843866e232
23,DFT_CRT,value_scaling_t0,wide,DEoptim,2571,2856787999542366e136
23,DFT_CRT,value_scaling_t0,wide,DEoptim,2572,4.4590512246648545e-19
23,DFT_CRT,value_scaling_t0,wide,DEoptim,2573,19828966108128144e163
23,DFT_CRT,value_scaling_t0,wide,DEoptim,2574,17888165027312765e145
23,DFT_CRT,value_scaling_t0,wide,DEoptim,2575,7.287769033262395e-307
23,DFT_CRT,value_scaling_t0,wide,DEoptim,2576,0
23,DFT_CRT,value_scaling_t0,wide,DEoptim,2577,0
23,DFT_CRT,value_scaling_t0,wide,DEoptim,2578,0
23,DFT_CRT,value_scaling_t0,wide,DEoptim,2579,0
23,DFT_CRT,value_scaling_t0,wide,DEoptim,2580,0
23,DFT_CRT,value_scaling_t0,wide,DEoptim,2581,0
23,DFT_CRT,value_scaling_t0,wide,DEoptim,2582,0
23,DFT_CRT,value_scaling_t0,wide,DEoptim,2583,0
23,DFT_CRT,value_scaling_t0,wide,DEoptim,2584,0
23,DFT_CRT,value_scaling_t0,wide,DEoptim,2585,0
23,DFT_CRT,value_scaling_t0,wide,DEoptim,2586,0
23,DFT_CRT,value_scaling_t0,wide,DEoptim,2587,0
23,DFT_CRT,value_scaling_t0,wide,DEoptim,2588,0
23,DFT_CRT,value_scaling_t0,wide,DEoptim,2589,0
23,DFT_CRT,value_scaling_t0,wide,DEoptim,2590,0
23,DFT_CRT,value_scaling_t0,wide,DEoptim,2591,0
23,DFT_CRT,value_scaling_t0,wide,DEoptim,2592,0
23,DFT_CRT,value_scaling_t0,wide,DEoptim,2593,0
23,DFT_CRT,value_scaling_t0,wide,DEoptim,2594,0
23,DFT_CRT,value_scaling_t0,wide,DEoptim,2595,0
23,DFT_CRT,value_scaling_t0,wide,DEoptim,2596,0
23,DFT_CRT,value_scaling_t0,wide,DEoptim,2597,0
23,DFT_CRT,value_scaling_t0,wide,DEoptim,2598,0
23,DFT_CRT,value_scaling_t0,wide,DEoptim,2599,0
23,DFT_CRT,value_scaling_t0,wide,DEoptim,2600,0
23,DFT_CRT,value_scaling_t0,wide,DEoptim,2601,0
23,DFT_CRT,value_scaling_t0,wide,DEoptim,2602,0
23,DFT_CRT,value_scaling_t0,wide,DEoptim,2603,0
23,DFT_CRT,value_scaling_t0,wide,DEoptim,2604,0
23,DFT_CRT,value_scaling_t0,wide,DEoptim,2605,0
23,DFT_CRT,value_scaling_t0,wide,DEoptim,2606,0
23,DFT_CRT,value_scaling_t0,wide,DEoptim,2607,0
23,DFT_CRT,value_scaling_t0,wide,DEoptim,2608,0
23,DFT_CRT,value_scaling_t0,wide,DEoptim,2609,0
23,DFT_CRT,value_scaling_t0,wide,DEoptim,2610,0
23,DFT_CRT,value_scaling_t0,wide,DEoptim,2611,0
23,DFT_CRT,value_scaling_t0,wide,DEoptim,2612,0
23,DFT_CRT,value_scaling_t0,wide,DEoptim,2613,0
23,DFT_CRT,value_scaling_t0,wide,DEoptim,2614,0
23,DFT_CRT,value_scaling_t0,wide,DEoptim,2615,0
23,DFT_CRT,value_scaling_t0,wide,DEoptim,2616,0
23,DFT_CRT,value_scaling_t0,wide,DEoptim,2617,0
23,DFT_CRT,value_scaling_t0,wide,DEoptim,2618,0
23,DFT_CRT,value_scaling_t0,wide,DEoptim,2619,0
23,DFT_CRT,value_scaling_t0,wide,DEoptim,2620,0
23,DFT_CRT,value_scaling_t0,wide,DEoptim,2621,0
23,DFT_CRT,value_scaling_t0,wide,DEoptim,2622,0
23,DFT_CRT,value_scaling_t0,wide,DEoptim,2623,0
23,DFT_CRT,value_scaling_t0,wide,DEoptim,2624,0
23,DFT_CRT,value_scaling_t0,wide,DEoptim,2625,0
23,DFT_CRT,value_scaling_t0,wide,DEoptim,2626,0
23,DFT_CRT,value_scaling_t0,wide,DEoptim,2627,0
23,DFT_CRT,value_scaling_t0,wide,DEoptim,2628,0
23,DFT_CRT,value_scaling_t0,wide,DEoptim,2629,0
23,DFT_CRT,value_scaling_t0,wide,DEoptim,2630,0
23,DFT_CRT,value_scaling_t0,wide,DEoptim,2631,0
23,DFT_CRT,value_scaling_t0,wide,DEoptim,2632,0
23,DFT_CRT,value_scaling_t0,wide,DEoptim,2633,0
23,DFT_CRT,value_scaling_t0,wide,DEoptim,2634,0
23,DFT_CRT,value_scaling_t0,wide,DEoptim,2635,0
23,DFT_CRT,value_scaling_t0,wide,DEoptim,2636,0
23,DFT_CRT,value_scaling_t0,wide,DEoptim,2637,0
23,DFT_CRT,value_scaling_t0,wide,DEoptim,2638,0
23,DFT_CRT,value_scaling_t0,wide,DEoptim,2639,0
23,DFT_CRT,value_scaling_t0,wide,DEoptim,2640,0
23,DFT_CRT,value_scaling_t0,wide,DEoptim,2641,0
23,DFT_CRT,value_scaling_t0,wide,DEoptim,2642,0
23,DFT_CRT,value_scaling_t0,wide,DEoptim,2643,0
23,DFT_CRT,value_scaling_t0,wide,DEoptim,2644,0
23,DFT_CRT,value_scaling_t0,wide,DEoptim,2645,0
23,DFT_CRT,value_scaling_t0,wide,DEoptim,2646,0
23,DFT_CRT,value_scaling_t0,wide,DEoptim,2647,0
23,DFT_CRT,value_scaling_t0,wide,DEoptim,2648,0
23,DFT_CRT,value_scaling_t0,wide,DEoptim,2649,0
23,DFT_CRT,value_scaling_t0,wide,DEoptim,2650,0
23,DFT_CRT,value_scaling_t0,wide,DEoptim,2651,0
23,DFT_CRT,value_scaling_t0,wide,DEoptim,2652,0
23,DFT_CRT,value_scaling_t0,wide,DEoptim,2653,0
23,DFT_CRT,value_scaling_t0,wide,DEoptim,2654,0
23,DFT_CRT,value_scaling_t0,wide,DEoptim,2655,0
23,DFT_CRT,value_scaling_t0,wide,DEoptim,2656,0
23,DFT_CRT,value_scaling_t0,wide,DEoptim,2657,0
23,DFT_CRT,value_scaling_t0,wide,DEoptim,2658,0
23,DFT_CRT,value_scaling_t0,wide,DEoptim,2659,0
23,DFT_CRT,value_scaling_t0,wide,DEoptim,2660,0
23,DFT_CRT,value_scaling_t0,wide,DEoptim,2661,0
23,DFT_CRT,value_scaling_t0,wide,DEoptim,2662,0
23,DFT_CRT,value_scaling_t0,wide,DEoptim,2663,0
23,DFT_CRT,value_scaling_t0,wide,DEoptim,2664,0
23,DFT_CRT,value_scaling_t0,wide,DEoptim,2665,0
23,DFT_CRT,value_scaling_t0,wide,DEoptim,2666,0
23,DFT_CRT,value_scaling_t0,wide,DEoptim,2667,0
23,DFT_CRT,value_scaling_t0,wide,DEoptim,2668,0
23,DFT_CRT,value_scaling_t0,wide,DEoptim,2669,0
23,DFT_CRT,value_scaling_t0,wide,DEoptim,2670,0
23,DFT_CRT,value_scaling_t0,wide,DEoptim,2671,0
23,DFT_CRT,value_scaling_t0,wide,DEoptim,2672,0
23,DFT_CRT,value_scaling_t0,wide,DEoptim,2673,0
23,DFT_CRT,value_scaling_t0,wide,DEoptim,2674,0
23,DFT_CRT,value_scaling_t0,wide,DEoptim,2675,0
23,DFT_CRT,value_scaling_t0,wide,DEoptim,2676,0
23,DFT_CRT,value_scaling_t0,wide,DEoptim,2677,0
23,DFT_CRT,value_scaling_t0,wide,DEoptim,2678,0
23,DFT_CRT,value_scaling_t0,wide,DEoptim,2679,0
23,DFT_CRT,value_scaling_t0,wide,DEoptim,2680,0
23,DFT_CRT,value_scaling_t0,wide,DEoptim,2681,0
23,DFT_CRT,value_scaling_t0,wide,DEoptim,2682,0
23,DFT_CRT,value_scaling_t0,wide,DEoptim,2683,0
23,DFT_CRT,value_scaling_t0,wide,DEoptim,2684,0
23,DFT_CRT,value_scaling_t0,wide,DEoptim,2685,0
23,DFT_CRT,value_scaling_t0,wide,DEoptim,2686,0
23,DFT_CRT,value_scaling_t0,wide,DEoptim,2687,0
23,DFT_CRT,value_scaling_t0,wide,DEoptim,2688,0
23,DFT_CRT,value_scaling_t0,wide,DEoptim,2689,0
23,DFT_CRT,value_scaling_t0,wide,DEoptim,2690,0
23,DFT_CRT,value_scaling_t0,wide,DEoptim,2691,0
23,DFT_CRT,value_scaling_t0,wide,DEoptim,2692,0
23,DFT_CRT,value_scaling_t0,wide,DEoptim,2693,0
23,DFT_CRT,value_scaling_t0,wide,DEoptim,2694,0
23,DFT_CRT,value_scaling_t0,wide,DEoptim,2695,0
23,DFT_CRT,value_scaling_t0,wide,DEoptim,2696,0
23,DFT_CRT,value_scaling_t0,wide,DEoptim,2697,0
23,DFT_CRT,value_scaling_t0,wide,DEoptim,2698,0
23,DFT_CRT,value_scaling_t0,wide,DEoptim,2699,0
23,DFT_CRT,value_scaling_t0,wide,DEoptim,2700,0
23,DFT_CRT,value_scaling_t0,wide,DEoptim,2701,0
23,DFT_CRT,value_scaling_t0,wide,DEoptim,2702,0
23,DFT_CRT,value_scaling_t0,wide,DEoptim,2703,0
23,DFT_CRT,value_scaling_t0,wide,DEoptim,2704,0
23,DFT_CRT,value_scaling_t0,wide,DEoptim,2705,0
23,DFT_CRT,value_scaling_t0,wide,DEoptim,2706,0
23,DFT_CRT,value_scaling_t0,wide,DEoptim,2707,0
23,DFT_CRT,value_scaling_t0,wide,DEoptim,2708,0
23,DFT_CRT,value_scaling_t0,wide,DEoptim,2709,0
23,DFT_CRT,value_scaling_t0,wide,DEoptim,2710,0
23,DFT_CRT,value_scaling_t0,wide,DEoptim,2711,0
23,DFT_CRT,value_scaling_t0,wide,DEoptim,2712,0
23,DFT_CRT,value_scaling_t0,wide,DEoptim,2713,0
23,DFT_CRT,value_scaling_t0,wide,DEoptim,2714,0
23,DFT_CRT,value_scaling_t0,wide,DEoptim,2715,0
23,DFT_CRT,value_scaling_t0,wide,DEoptim,2716,0
23,DFT_CRT,value_scaling_t0,wide,DEoptim,2717,0
23,DFT_CRT,value_scaling_t0,wide,DEoptim,2718,0
23,DFT_CRT,value_scaling_t0,wide,DEoptim,2719,0
23,DFT_CRT,value_scaling_t0,wide,DEoptim,2720,0
23,DFT_CRT,value_scaling_t0,wide,DEoptim,2721,0
23,DFT_CRT,value_scaling_t0,wide,DEoptim,2722,0
23,DFT_CRT,value_scaling_t0,wide,DEoptim,2723,0
23,DFT_CRT,value_scaling_t0,wide,DEoptim,2724,0
23,DFT_CRT,value_scaling_t0,wide,DEoptim,2725,0
23,DFT_CRT,value_scaling_t0,wide,DEoptim,2726,0
23,DFT_CRT,value_scaling_t0,wide,DEoptim,2727,0
23,DFT_CRT,value_scaling_t0,wide,DEoptim,2728,0
23,DFT_CRT,value_scaling_t0,wide,DEoptim,2729,0
23,DFT_CRT,value_scaling_t0,wide,DEoptim,2730,0
23,DFT_CRT,value_scaling_t0,wide,DEoptim,2731,0
23,DFT_CRT,value_scaling_t0,wide,DEoptim,2732,0
23,DFT_CRT,value_scaling_t0,wide,DEoptim,2733,0
23,DFT_CRT,value_scaling_t0,wide,DEoptim,2734,0
23,DFT_CRT,value_scaling_t0,wide,DEoptim,2735,0
23,DFT_CRT,value_scaling_t0,wide,DEoptim,2736,0
23,DFT_CRT,value_scaling_t0,wide,DEoptim,2737,0
23,DFT_CRT,value_scaling_t0,wide,DEoptim,2738,0
23,DFT_CRT,value_scaling_t0,wide,DEoptim,2739,0
23,DFT_CRT,value_scaling_t0,wide,DEoptim,2740,0
23,DFT_CRT,value_scaling_t0,wide,DEoptim,2741,0
23,DFT_CRT,value_scaling_t0,wide,DEoptim,2742,0
23,DFT_CRT,value_scaling_t0,wide,DEoptim,2743,0
23,DFT_CRT,value_scaling_t0,wide,DEoptim,2744,0
23,DFT_CRT,value_scaling_t0,wide,DEoptim,2745,0
23,DFT_CRT,value_scaling_t0,wide,DEoptim,2746,0
23,DFT_CRT,value_scaling_t0,wide,DEoptim,2747,0
23,DFT_CRT,value_scaling_t0,wide,DEoptim,2748,0
23,DFT_CRT,value_scaling_t0,wide,DEoptim,2749,0
23,DFT_CRT,value_scaling_t0,wide,DEoptim,2750,0
23,DFT_CRT,value_scaling_t0,wide,DEoptim,2751,0
23,DFT_CRT,value_scaling_t0,wide,DEoptim,2752,0
23,DFT_CRT,value_scaling_t0,wide,DEoptim,2753,0
23,DFT_CRT,value_scaling_t0,wide,DEoptim,2754,0
23,DFT_CRT,value_scaling_t0,wide,DEoptim,2755,0
23,DFT_CRT,value_scaling_t0,wide,DEoptim,2756,0
23,DFT_CRT,value_scaling_t0,wide,DEoptim,2757,0
23,DFT_CRT,value_scaling_t0,wide,DEoptim,2758,0
23,DFT_CRT,value_scaling_t0,wide,DEoptim,2759,0
23,DFT_CRT,value_scaling_t0,wide,DEoptim,2760,0
23,DFT_CRT,value_scaling_t0,wide,DEoptim,2761,0
23,DFT_CRT,value_scaling_t0,wide,DEoptim,2762,0
23,DFT_CRT,value_scaling_t0,wide,DEoptim,2763,0
23,DFT_CRT,value_scaling_t0,wide,DEoptim,2764,0
23,DFT_CRT,value_scaling_t0,wide,DEoptim,2765,0
23,DFT_CRT,value_scaling_t0,wide,DEoptim,2766,0
23,DFT_CRT,value_scaling_t0,wide,DEoptim,2767,0
23,DFT_CRT,value_scaling_t0,wide,DEoptim,2768,0
23,DFT_CRT,value_scaling_t0,wide,DEoptim,2769,0
23,DFT_CRT,value_scaling_t0,wide,DEoptim,2770,0
23,DFT_CRT,value_scaling_t0,wide,DEoptim,2771,0
23,DFT_CRT,value_scaling_t0,wide,DEoptim,2772,0
23,DFT_CRT,value_scaling_t0,wide,DEoptim,2773,0
23,DFT_CRT,value_scaling_t0,wide,DEoptim,2774,0
23,DFT_CRT,value_scaling_t0,wide,DEoptim,2775,0
23,DFT_CRT,value_scaling_t0,wide,DEoptim,2776,0
23,DFT_CRT,value_scaling_t0,wide,DEoptim,2777,0
23,DFT_CRT,value_scaling_t0,wide,DEoptim,2778,0
23,DFT_CRT,value_scaling_t0,wide,DEoptim,2779,0
23,DFT_CRT,value_scaling_t0,wide,DEoptim,2780,0
23,DFT_CRT,value_scaling_t0,wide,DEoptim,2781,0
23,DFT_CRT,value_scaling_t0,wide,DEoptim,2782,0
23,DFT_CRT,value_scaling_t0,wide,DEoptim,2783,0
23,DFT_CRT,value_scaling_t0,wide,DEoptim,2784,0
23,DFT_CRT,value_scaling_t0,wide,DEoptim,2785,0
23,DFT_CRT,value_scaling_t0,wide,DEoptim,2786,0
23,DFT_CRT,value_scaling_t0,wide,DEoptim,2787,0
23,DFT_CRT,value_scaling_t0,wide,DEoptim,2788,0
23,DFT_CRT,value_scaling_t0,wide,DEoptim,2789,0
23,DFT_CRT,value_scaling_t0,wide,DEoptim,2790,0
23,DFT_CRT,value_scaling_t0,wide,DEoptim,2791,0
23,DFT_CRT,value_scaling_t0,wide,DEoptim,2792,0
23,DFT_CRT,value_scaling_t0,wide,DEoptim,2793,0
23,DFT_CRT,value_scaling_t0,wide,DEoptim,2794,0
23,DFT_CRT,value_scaling_t0,wide,DEoptim,2795,0
23,DFT_CRT,value_scaling_t0,wide,DEoptim,2796,0
23,DFT_CRT,value_scaling_t0,wide,DEoptim,2797,0
23,DFT_CRT,value_scaling_t0,wide,DEoptim,2798,0
23,DFT_CRT,value_scaling_t0,wide,DEoptim,2799,0
23,DFT_CRT,value_scaling_t0,wide,DEoptim,2800,0
23,DFT_CRT,value_scaling_t0,wide,DEoptim,2801,0
23,DFT_CRT,value_scaling_t0,wide,DEoptim,2802,0
23,DFT_CRT,value_scaling_t0,wide,DEoptim,2803,0
23,DFT_CRT,value_scaling_t0,wide,DEoptim,2804,0
23,DFT_CRT,value_scaling_t0,wide,DEoptim,2805,0
23,DFT_CRT,value_scaling_t0,wide,DEoptim,2806,0
23,DFT_CRT,value_scaling_t0,wide,DEoptim,2807,0
23,DFT_CRT,value_scaling_t0,wide,DEoptim,2808,0
23,DFT_CRT,value_scaling_t0,wide,DEoptim,2809,0
23,DFT_CRT,value_scaling_t0,wide,DEoptim,2810,0
23,DFT_CRT,value_scaling_t0,wide,DEoptim,2811,0
23,DFT_CRT,value_scaling_t0,wide,DEoptim,2812,0
23,DFT_CRT,value_scaling_t0,wide,DEoptim,2813,0
23,DFT_CRT,value_scaling_t0,wide,DEoptim,2814,0
23,DFT_CRT,value_scaling_t0,wide,DEoptim,2815,0
23,DFT_CRT,value_scaling_t0,wide,DEoptim,2816,0
23,DFT_CRT,value_scaling_t0,wide,DEoptim,2817,0
23,DFT_CRT,value_scaling_t0,wide,DEoptim,2818,0
23,DFT_CRT,value_scaling_t0,wide,DEoptim,2819,0
23,DFT_CRT,value_scaling_t0,wide,DEoptim,2820,0
23,DFT_CRT,value_scaling_t0,wide,DEoptim,2821,0
23,DFT_CRT,value_scaling_t0,wide,DEoptim,2822,0
23,DFT_CRT,value_scaling_t0,wide,DEoptim,2823,0
23,DFT_CRT,value_scaling_t0,wide,DEoptim,2824,0
23,DFT_CRT,value_scaling_t0,wide,DEoptim,2825,0
23,DFT_CRT,value_scaling_t0,wide,DEoptim,2826,0
23,DFT_CRT,value_scaling_t0,wide,DEoptim,2827,0
23,DFT_CRT,value_scaling_t0,wide,DEoptim,2828,0
23,DFT_CRT,value_scaling_t0,wide,DEoptim,2829,0
23,DFT_CRT,value_scaling_t0,wide,DEoptim,2830,0
23,DFT_CRT,value_scaling_t0,wide,DEoptim,2831,0
23,DFT_CRT,value_scaling_t0,wide,DEoptim,2832,0
23,DFT_CRT,value_scaling_t0,wide,DEoptim,2833,0
23,DFT_CRT,value_scaling_t0,wide,DEoptim,2834,0
23,DFT_CRT,value_scaling_t0,wide,DEoptim,2835,0
23,DFT_CRT,value_scaling_t0,wide,DEoptim,2836,0
23,DFT_CRT,value_scaling_t0,wide,DEoptim,2837,0
23,DFT_CRT,value_scaling_t0,wide,DEoptim,2838,0
23,DFT_CRT,value_scaling_t0,wide,DEoptim,2839,0
23,DFT_CRT,value_scaling_t0,wide,DEoptim,2840,0
23,DFT_CRT,value_scaling_t0,wide,DEoptim,2841,0
23,DFT_CRT,value_scaling_t0,wide,DEoptim,2842,0
23,DFT_CRT,value_scaling_t0,wide,DEoptim,2843,0
23,DFT_CRT,value_scaling_t0,wide,DEoptim,2844,0
23,DFT_CRT,value_scaling_t0,wide,DEoptim,2845,0
23,DFT_CRT,value_scaling_t0,wide,DEoptim,2846,0
23,DFT_CRT,value_scaling_t0,wide,DEoptim,2847,0
23,DFT_CRT,value_scaling_t0,wide,DEoptim,2848,0
23,DFT_CRT,value_scaling_t0,wide,DEoptim,2849,0
23,DFT_CRT,value_scaling_t0,wide,DEoptim,2850,0
23,DFT_CRT,value_scaling_t0,wide,DEoptim,2851,0
23,DFT_CRT,value_scaling_t0,wide,DEoptim,2852,0
23,DFT_CRT,value_scaling_t0,wide,DEoptim,2853,0
23,DFT_CRT,value_scaling_t0,wide,DEoptim,2854,0
23,DFT_CRT,value_scaling_t0,wide,DEoptim,2855,0
23,DFT_CRT,value_scaling_t0,wide,DEoptim,2856,0
23,DFT_CRT,value_scaling_t0,wide,DEoptim,2857,0
23,DFT_CRT,value_scaling_t0,wide,DEoptim,2858,0
23,DFT_CRT,value_scaling_t0,wide,DEoptim,2859,0
23,DFT_CRT,value_scaling_t0,wide,DEoptim,2860,0
23,DFT_CRT,value_scaling_t0,wide,DEoptim,2861,0
23,DFT_CRT,value_scaling_t0,wide,DEoptim,2862,0
23,DFT_CRT,value_scaling_t0,wide,DEoptim,2863,0
23,DFT_CRT,value_scaling_t0,wide,DEoptim,2864,0
23,DFT_CRT,value_scaling_t0,wide,DEoptim,2865,0
23,DFT_CRT,value_scaling_t0,wide,DEoptim,2866,0
23,DFT_CRT,value_scaling_t0,wide,DEoptim,2867,0
23,DFT_CRT,value_scaling_t0,wide,DEoptim,2868,0
23,DFT_CRT,value_scaling_t0,wide,DEoptim,2869,0
23,DFT_CRT,value_scaling_t0,wide,DEoptim,2870,0
23,DFT_CRT,value_scaling_t0,wide,DEoptim,2871,0
23,DFT_CRT,value_scaling_t0,wide,DEoptim,2872,0
23,DFT_CRT,value_scaling_t0,wide,DEoptim,2873,0
23,DFT_CRT,value_scaling_t0,wide,DEoptim,2874,0
23,DFT_CRT,value_scaling_t0,wide,DEoptim,2875,0
23,DFT_CRT,value_scaling_t0,wide,DEoptim,2876,0
23,DFT_CRT,value_scaling_t0,wide,DEoptim,2877,0
23,DFT_CRT,value_scaling_t0,wide,DEoptim,2878,0
23,DFT_CRT,value_scaling_t0,wide,DEoptim,2879,0
23,DFT_CRT,value_scaling_t0,wide,DEoptim,2880,0
23,DFT_CRT,value_scaling_t0,wide,DEoptim,2881,0
23,DFT_CRT,value_scaling_t0,wide,DEoptim,2882,0
23,DFT_CRT,value_scaling_t0,wide,DEoptim,2883,0
23,DFT_CRT,value_scaling_t0,wide,DEoptim,2884,0
23,DFT_CRT,value_scaling_t0,wide,DEoptim,2885,0
23,DFT_CRT,value_scaling_t0,wide,DEoptim,2886,0
23,DFT_CRT,value_scaling_t0,wide,DEoptim,2887,0
23,DFT_CRT,value_scaling_t0,wide,DEoptim,2888,0
23,DFT_CRT,value_scaling_t0,wide,DEoptim,2889,0
23,DFT_CRT,value_scaling_t0,wide,DEoptim,2890,0
23,DFT_CRT,value_scaling_t0,wide,DEoptim,2891,0
23,DFT_CRT,value_scaling_t0,wide,DEoptim,2892,0
23,DFT_CRT,value_scaling_t0,wide,DEoptim,2893,0
23,DFT_CRT,value_scaling_t0,wide,DEoptim,2894,0
23,DFT_CRT,value_scaling_t0,wide,DEoptim,2895,0
23,DFT_CRT,value_scaling_t0,wide,DEoptim,2896,0
23,DFT_CRT,value_scaling_t0,wide,DEoptim,2897,0
23,DFT_CRT,value_scaling_t0,wide,DEoptim,2898,0
23,DFT_CRT,value_scaling_t0,wide,DEoptim,2899,0
23,DFT_CRT,value_scaling_t0,wide,DEoptim,2900,0
23,DFT_CRT,value_scaling_t0,wide,DEoptim,2901,0
23,DFT_CRT,value_scaling_t0,wide,DEoptim,2902,0
23,DFT_CRT,value_scaling_t0,wide,DEoptim,2903,0
23,DFT_CRT,value_scaling_t0,wide,DEoptim,2904,0
23,DFT_CRT,value_scaling_t0,wide,DEoptim,2905,0
23,DFT_CRT,value_scaling_t0,wide,DEoptim,2906,0
23,DFT_CRT,value_scaling_t0,wide,DEoptim,2907,0
23,DFT_CRT,value_scaling_t0,wide,DEoptim,2908,0
23,DFT_CRT,value_scaling_t0,wide,DEoptim,2909,0
23,DFT_CRT,value_scaling_t0,wide,DEoptim,2910,0
23,DFT_CRT,value_scaling_t0,wide,DEoptim,2911,0
23,DFT_CRT,value_scaling_t0,wide,DEoptim,2912,0
23,DFT_CRT,value_scaling_t0,wide,DEoptim,2913,0
23,DFT_CRT,value_scaling_t0,wide,DEoptim,2914,0
23,DFT_CRT,value_scaling_t0,wide,DEoptim,2915,0
23,DFT_CRT,value_scaling_t0,wide,DEoptim,2916,0
23,DFT_CRT,value_scaling_t0,wide,DEoptim,2917,0
23,DFT_CRT,value_scaling_t0,wide,DEoptim,2918,0
23,DFT_CRT,value_scaling_t0,wide,DEoptim,2919,0
23,DFT_CRT,value_scaling_t0,wide,DEoptim,2920,0
23,DFT_CRT,value_scaling_t0,wide,DEoptim,2921,0
23,DFT_CRT,value_scaling_t0,wide,DEoptim,2922,0
23,DFT_CRT,value_scaling_t0,wide,DEoptim,2923,0
23,DFT_CRT,value_scaling_t0,wide,DEoptim,2924,0
23,DFT_CRT,value_scaling_t0,wide,DEoptim,2925,0
23,DFT_CRT,value_scaling_t0,wide,DEoptim,2926,0
23,DFT_CRT,value_scaling_t0,wide,DEoptim,2927,0
23,DFT_CRT,value_scaling_t0,wide,DEoptim,2928,0
23,DFT_CRT,value_scaling_t0,wide,DEoptim,2929,0
23,DFT_CRT,value_scaling_t0,wide,DEoptim,2930,0
23,DFT_CRT,value_scaling_t0,wide,DEoptim,2931,0
23,DFT_CRT,value_scaling_t0,wide,DEoptim,2932,0
23,DFT_CRT,value_scaling_t0,wide,DEoptim,2933,0
23,DFT_CRT,value_scaling_t0,wide,DEoptim,2934,0
23,DFT_CRT,value_scaling_t0,wide,DEoptim,2935,0
23,DFT_CRT,value_scaling_t0,wide,DEoptim,2936,0
23,DFT_CRT,value_scaling_t0,wide,DEoptim,2937,0
23,DFT_CRT,value_scaling_t0,wide,DEoptim,2938,0
23,DFT_CRT,value_scaling_t0,wide,DEoptim,2939,0
23,DFT_CRT,value_scaling_t0,wide,DEoptim,2940,0
23,DFT_CRT,value_scaling_t0,wide,DEoptim,2941,0
23,DFT_CRT,value_scaling_t0,wide,DEoptim,2942,0
23,DFT_CRT,value_scaling_t0,wide,DEoptim,2943,0
23,DFT_CRT,value_scaling_t0,wide,DEoptim,2944,0
23,DFT_CRT,value_scaling_t0,wide,DEoptim,2945,0
23,DFT_CRT,value_scaling_t0,wide,DEoptim,2946,0
23,DFT_CRT,value_scaling_t0,wide,DEoptim,2947,0
23,DFT_CRT,value_scaling_t0,wide,DEoptim,2948,0
23,DFT_CRT,value_scaling_t0,wide,DEoptim,2949,0
23,DFT_CRT,value_scaling_t0,wide,DEoptim,2950,0
23,DFT_CRT,value_scaling_t0,wide,DEoptim,2951,0
23,DFT_CRT,value_scaling_t0,wide,DEoptim,2952,0
23,DFT_CRT,value_scaling_t0,wide,DEoptim,2953,0
23,DFT_CRT,value_scaling_t0,wide,DEoptim,2954,0
23,DFT_CRT,value_scaling_t0,wide,DEoptim,2955,0
23,DFT_CRT,value_scaling_t0,wide,DEoptim,2956,0
23,DFT_CRT,value_scaling_t0,wide,DEoptim,2957,0
23,DFT_CRT,value_scaling_t0,wide,DEoptim,2958,0
23,DFT_CRT,value_scaling_t0,wide,DEoptim,2959,0
23,DFT_CRT,value_scaling_t0,wide,DEoptim,2960,0
23,DFT_CRT,value_scaling_t0,wide,DEoptim,2961,0
23,DFT_CRT,value_scaling_t0,wide,DEoptim,2962,0
23,DFT_CRT,value_scaling_t0,wide,DEoptim,2963,0
23,DFT_CRT,value_scaling_t0,wide,DEoptim,2964,0
23,DFT_CRT,value_scaling_t0,wide,DEoptim,2965,0
23,DFT_CRT,value_scaling_t0,wide,DEoptim,2966,0
23,DFT_CRT,value_scaling_t0,wide,DEoptim,2967,0
23,DFT_CRT,value_scaling_t0,wide,DEoptim,2968,0
23,DFT_CRT,value_scaling_t0,wide,DEoptim,2969,0
23,DFT_CRT,value_scaling_t0,wide,DEoptim,2970,0
23,DFT_CRT,value_scaling_t0,wide,DEoptim,2971,0
23,DFT_CRT,value_scaling_t0,wide,DEoptim,2972,0
23,DFT_CRT,value_scaling_t0,wide,DEoptim,2973,0
23,DFT_CRT,value_scaling_t0,wide,DEoptim,2974,0
23,DFT_CRT,value_scaling_t0,wide,DEoptim,2975,0
23,DFT_CRT,value_scaling_t0,wide,DEoptim,2976,0
23,DFT_CRT,value_scaling_t0,wide,DEoptim,2977,0
23,DFT_CRT,value_scaling_t0,wide,DEoptim,2978,0
23,DFT_CRT,value_scaling_t0,wide,DEoptim,2979,0
23,DFT_CRT,value_scaling_t0,wide,DEoptim,2980,0
23,DFT_CRT,value_scaling_t0,wide,DEoptim,2981,0
23,DFT_CRT,value_scaling_t0,wide,DEoptim,2982,0
23,DFT_CRT,value_scaling_t0,wide,DEoptim,2983,0
23,DFT_CRT,value_scaling_t0,wide,DEoptim,2984,0
23,DFT_CRT,value_scaling_t0,wide,DEoptim,2985,0
23,DFT_CRT,value_scaling_t0,wide,DEoptim,2986,0
23,DFT_CRT,value_scaling_t0,wide,DEoptim,2987,0
23,DFT_CRT,value_scaling_t0,wide,DEoptim,2988,0
23,DFT_CRT,value_scaling_t0,wide,DEoptim,2989,0
23,DFT_CRT,value_scaling_t0,wide,DEoptim,2990,0
23,DFT_CRT,value_scaling_t0,wide,DEoptim,2991,0
23,DFT_CRT,value_scaling_t0,wide,DEoptim,2992,0
23,DFT_CRT,value_scaling_t0,wide,DEoptim,2993,0
23,DFT_CRT,value_scaling_t0,wide,DEoptim,2994,0
23,DFT_CRT,value_scaling_t0,wide,DEoptim,2995,0
23,DFT_CRT,value_scaling_t0,wide,DEoptim,2996,0
23,DFT_CRT,value_scaling_t0,wide,DEoptim,2997,0
23,DFT_CRT,value_scaling_t0,wide,DEoptim,2998,0
23,DFT_CRT,value_scaling_t0,wide,DEoptim,2999,0
23,DFT_CRT,value_scaling_t0,wide,DEoptim,3000,0
23,DFT_CRT,value_scaling_t0,wide,DEoptim,3001,0
23,DFT_CRT,value_scaling_t0,wide,DEoptim,3002,0
23,DFT_CRT,value_scaling_t0,wide,DEoptim,3003,0
23,DFT_CRT,value_scaling_t0,wide,DEoptim,3004,0
23,DFT_CRT,value_scaling_t0,wide,DEoptim,3005,0
23,DFT_CRT,value_scaling_t0,wide,DEoptim,3006,0
23,DFT_CRT,value_scaling_t0,wide,DEoptim,3007,0
23,DFT_CRT,value_scaling_t0,wide,DEoptim,3008,0
23,DFT_CRT,value_scaling_t0,wide,DEoptim,3009,0
23,DFT_CRT,value_scaling_t0,wide,DEoptim,3010,0
23,DFT_CRT,value_scaling_t0,wide,DEoptim,3011,0
23,DFT_CRT,value_scaling_t0,wide,DEoptim,3012,0
23,DFT_CRT,value_scaling_t0,wide,DEoptim,3013,0
23,DFT_CRT,value_scaling_t0,wide,DEoptim,3014,0
23,DFT_CRT,value_scaling_t0,wide,DEoptim,3015,0
23,DFT_CRT,value_scaling_t0,wide,DEoptim,3016,0
23,DFT_CRT,value_scaling_t0,wide,DEoptim,3017,0
23,DFT_CRT,value_scaling_t0,wide,DEoptim,3018,0
23,DFT_CRT,value_scaling_t0,wide,DEoptim,3019,0
23,DFT_CRT,value_scaling_t0,wide,DEoptim,3020,0
23,DFT_CRT,value_scaling_t0,wide,DEoptim,3021,0
23,DFT_CRT,value_scaling_t0,wide,DEoptim,3022,0
23,DFT_CRT,value_scaling_t0,wide,DEoptim,3023,0
23,DFT_CRT,value_scaling_t0,wide,DEoptim,3024,0
23,DFT_CRT,value_scaling_t0,wide,DEoptim,3025,0
23,DFT_CRT,value_scaling_t0,wide,DEoptim,3026,0
23,DFT_CRT,value_scaling_t0,wide,DEoptim,3027,0
23,DFT_CRT,value_scaling_t0,wide,DEoptim,3028,0
23,DFT_CRT,value_scaling_t0,wide,DEoptim,3029,0
23,DFT_CRT,value_scaling_t0,wide,DEoptim,3030,0
23,DFT_CRT,value_scaling_t0,wide,DEoptim,3031,0
23,DFT_CRT,value_scaling_t0,wide,DEoptim,3032,0
23,DFT_CRT,value_scaling_t0,wide,DEoptim,3033,0
23,DFT_CRT,value_scaling_t0,wide,DEoptim,3034,0
23,DFT_CRT,value_scaling_t0,wide,DEoptim,3035,0
23,DFT_CRT,value_scaling_t0,wide,DEoptim,3036,0
23,DFT_CRT,value_scaling_t0,wide,DEoptim,3037,0
23,DFT_CRT,value_scaling_t0,wide,DEoptim,3038,0
23,DFT_CRT,value_scaling_t0,wide,DEoptim,3039,0
23,DFT_CRT,value_scaling_t0,wide,DEoptim,3040,0
23,DFT_CRT,value_scaling_t0,wide,DEoptim,3041,0
23,DFT_CRT,value_scaling_t0,wide,DEoptim,3042,0
23,DFT_CRT,value_scaling_t0,wide,DEoptim,3043,0
23,DFT_CRT,value_scaling_t0,wide,DEoptim,3044,0
23,DFT_CRT,value_scaling_t0,wide,DEoptim,3045,0
23,DFT_CRT,value_scaling_t0,wide,DEoptim,3046,0
23,DFT_CRT,value_scaling_t0,wide,DEoptim,3047,0
23,DFT_CRT,value_scaling_t0,wide,DEoptim,3048,0
23,DFT_CRT,value_scaling_t0,wide,DEoptim,3049,0
23,DFT_CRT,value_scaling_t0,wide,DEoptim,3050,0
23,DFT_CRT,value_scaling_t0,wide,DEoptim,3051,0
23,DFT_CRT,value_scaling_t0,wide,DEoptim,3052,0
23,DFT_CRT,value_scaling_t0,wide,DEoptim,3053,0
23,DFT_CRT,value_scaling_t0,wide,DEoptim,3054,0
23,DFT_CRT,value_scaling_t0,wide,DEoptim,3055,0
23,DFT_CRT,value_scaling_t0,wide,DEoptim,3056,0
23,DFT_CRT,value_scaling_t0,wide,DEoptim,3057,0
23,DFT_CRT,value_scaling_t0,wide,DEoptim,3058,0
23,DFT_CRT,value_scaling_t0,wide,DEoptim,3059,0
23,DFT_CRT,value_scaling_t0,wide,DEoptim,3060,0
23,DFT_CRT,value_scaling_t0,wide,DEoptim,3061,0
23,DFT_CRT,value_scaling_t0,wide,DEoptim,3062,0
23,DFT_CRT,value_scaling_t0,wide,DEoptim,3063,0
23,DFT_CRT,value_scaling_t0,wide,DEoptim,3064,0
23,DFT_CRT,value_scaling_t0,wide,DEoptim,3065,0
23,DFT_CRT,value_scaling_t0,wide,DEoptim,3066,0
23,DFT_CRT,value_scaling_t0,wide,DEoptim,3067,0
23,DFT_CRT,value_scaling_t0,wide,DEoptim,3068,0
23,DFT_CRT,value_scaling_t0,wide,DEoptim,3069,0
23,DFT_CRT,value_scaling_t0,wide,DEoptim,3070,0
23,DFT_CRT,value_scaling_t0,wide,DEoptim,3071,0
23,DFT_CRT,value_scaling_t0,wide,DEoptim,3072,0
23,DFT_CRT,value_scaling_t0,wide,DEoptim,3073,0
23,DFT_CRT,value_scaling_t0,wide,DEoptim,3074,0
23,DFT_CRT,value_scaling_t0,wide,DEoptim,3075,0
23,DFT_CRT,value_scaling_t0,wide,DEoptim,3076,0
23,DFT_CRT,value_scaling_t0,wide,DEoptim,3077,0
23,DFT_CRT,value_scaling_t0,wide,DEoptim,3078,0
23,DFT_CRT,value_scaling_t0,wide,DEoptim,3079,0
23,DFT_CRT,value_scaling_t0,wide,DEoptim,3080,0
23,DFT_CRT,value_scaling_t0,wide,DEoptim,3081,0
23,DFT_CRT,value_scaling_t0,wide,DEoptim,3082,0
23,DFT_CRT,value_scaling_t0,wide,DEoptim,3083,0
23,DFT_CRT,value_scaling_t0,wide,DEoptim,3084,0
23,DFT_CRT,value_scaling_t0,wide,DEoptim,3085,0
23,DFT_CRT,value_scaling_t0,wide,DEoptim,3086,0
23,DFT_CRT,value_scaling_t0,wide,DEoptim,3087,0
23,DFT_CRT,value_scaling_t0,wide,DEoptim,3088,0
23,DFT_CRT,value_scaling_t0,wide,DEoptim,3089,0
23,DFT_CRT,value_scaling_t0,wide,DEoptim,3090,0
23,DFT_CRT,value_scaling_t0,wide,DEoptim,3091,0
23,DFT_CRT,value_scaling_t0,wide,DEoptim,3092,0
23,DFT_CRT,value_scaling_t0,wide,DEoptim,3093,0
23,DFT_CRT,value_scaling_t0,wide,DEoptim,3094,0
23,DFT_CRT,value_scaling_t0,wide,DEoptim,3095,0
23,DFT_CRT,value_scaling_t0,wide,DEoptim,3096,0
23,DFT_CRT,value_scaling_t0,wide,DEoptim,3097,0
23,DFT_CRT,value_scaling_t0,wide,DEoptim,3098,0
23,DFT_CRT,value_scaling_t0,wide,DEoptim,3099,0
23,DFT_CRT,value_scaling_t0,wide,DEoptim,3100,0
23,DFT_CRT,value_scaling_t0,wide,DEoptim,3101,0
23,DFT_CRT,value_scaling_t0,wide,DEoptim,3102,0
23,DFT_CRT,value_scaling_t0,wide,DEoptim,3103,0
23,DFT_CRT,value_scaling_t0,wide,DEoptim,3104,0
23,DFT_CRT,value_scaling_t0,wide,DEoptim,3105,0
23,DFT_CRT,value_scaling_t0,wide,DEoptim,3106,0
23,DFT_CRT,value_scaling_t0,wide,DEoptim,3107,0
23,DFT_CRT,value_scaling_t0,wide,DEoptim,3108,0
23,DFT_CRT,value_scaling_t0,wide,DEoptim,3109,0
23,DFT_CRT,value_scaling_t0,wide,DEoptim,3110,0
23,DFT_CRT,value_scaling_t0,wide,DEoptim,3111,0
23,DFT_CRT,value_scaling_t0,wide,DEoptim,3112,0
23,DFT_CRT,value_scaling_t0,wide,DEoptim,3113,0
23,DFT_CRT,value_scaling_t0,wide,DEoptim,3114,0
23,DFT_CRT,value_scaling_t0,wide,DEoptim,3115,0
23,DFT_CRT,value_scaling_t0,wide,DEoptim,3116,0
23,DFT_CRT,value_scaling_t0,wide,DEoptim,3117,0
23,DFT_CRT,value_scaling_t0,wide,DEoptim,3118,0
23,DFT_CRT,value_scaling_t0,wide,DEoptim,3119,0
23,DFT_CRT,value_scaling_t0,wide,DEoptim,3120,0
23,DFT_CRT,value_scaling_t0,wide,DEoptim,3121,0
23,DFT_CRT,value_scaling_t0,wide,DEoptim,3122,0
23,DFT_CRT,value_scaling_t0,wide,DEoptim,3123,0
23,DFT_CRT,value_scaling_t0,wide,DEoptim,3124,0
23,DFT_CRT,value_scaling_t0,wide,DEoptim,3125,0
23,DFT_CRT,value_scaling_t0,wide,DEoptim,3126,0
23,DFT_CRT,value_scaling_t0,wide,DEoptim,3127,0
23,DFT_CRT,value_scaling_t0,wide,DEoptim,3128,0
23,DFT_CRT,value_scaling_t0,wide,DEoptim,3129,0
23,DFT_CRT,value_scaling_t0,wide,DEoptim,3130,0
23,DFT_CRT,value_scaling_t0,wide,DEoptim,3131,0
23,DFT_CRT,value_scaling_t0,wide,DEoptim,3132,0
23,DFT_CRT,value_scaling_t0,wide,DEoptim,3133,0
23,DFT_CRT,value_scaling_t0,wide,DEoptim,3134,0
23,DFT_CRT,value_scaling_t0,wide,DEoptim,3135,0
23,DFT_CRT,value_scaling_t0,wide,DEoptim,3136,0
23,DFT_CRT,value_scaling_t0,wide,DEoptim,3137,0
23,DFT_CRT,value_scaling_t0,wide,DEoptim,3138,0
23,DFT_CRT,value_scaling_t0,wide,DEoptim,3139,0
23,DFT_CRT,value_scaling_t0,wide,DEoptim,3140,0
23,DFT_CRT,value_scaling_t0,wide,DEoptim,3141,0
23,DFT_CRT,value_scaling_t0,wide,DEoptim,3142,0
23,DFT_CRT,value_scaling_t0,wide,DEoptim,3143,0
23,DFT_CRT,value_scaling_t0,wide,DEoptim,3144,0
23,DFT_CRT,value_scaling_t0,wide,DEoptim,3145,0
23,DFT_CRT,value_scaling_t0,wide,DEoptim,3146,0
23,DFT_CRT,value_scaling_t0,wide,DEoptim,3147,0
23,DFT_CRT,value_scaling_t0,wide,DEoptim,3148,0
23,DFT_CRT,value_scaling_t0,wide,DEoptim,3149,0
23,DFT_CRT,value_scaling_t0,wide,DEoptim,3150,0
23,DFT_CRT,value_scaling_t0,wide,DEoptim,3151,0
23,DFT_CRT,value_scaling_t0,wide,DEoptim,3152,0
23,DFT_CRT,value_scaling_t0,wide,DEoptim,3153,0
23,DFT_CRT,value_scaling_t0,wide,DEoptim,3154,0
23,DFT_CRT,value_scaling_t0,wide,DEoptim,3155,0
23,DFT_CRT,value_scaling_t0,wide,DEoptim,3156,0
23,DFT_CRT,value_scaling_t0,wide,DEoptim,3157,0
23,DFT_CRT,value_scaling_t0,wide,DEoptim,3158,0
23,DFT_CRT,value_scaling_t0,wide,DEoptim,3159,0
23,DFT_CRT,value_scaling_t0,wide,DEoptim,3160,0
23,DFT_CRT,value_scaling_t0,wide,DEoptim,3161,0
23,DFT_CRT,value_scaling_t0,wide,DEoptim,3162,0
23,DFT_CRT,value_scaling_t0,wide,DEoptim,3163,0
23,DFT_CRT,value_scaling_t0,wide,DEoptim,3164,0
23,DFT_CRT,value_scaling_t0,wide,DEoptim,3165,0
23,DFT_CRT,value_scaling_t0,wide,DEoptim,3166,0
23,DFT_CRT,value_scaling_t0,wide,DEoptim,3167,0
23,DFT_CRT,value_scaling_t0,wide,DEoptim,3168,0
23,DFT_CRT,value_scaling_t0,wide,DEoptim,3169,0
23,DFT_CRT,value_scaling_t0,wide,DEoptim,3170,0
23,DFT_CRT,value_scaling_t0,wide,DEoptim,3171,0
23,DFT_CRT,value_scaling_t0,wide,DEoptim,3172,0
23,DFT_CRT,value_scaling_t0,wide,DEoptim,3173,0
23,DFT_CRT,value_scaling_t0,wide,DEoptim,3174,0
23,DFT_CRT,value_scaling_t0,wide,DEoptim,3175,0
23,DFT_CRT,value_scaling_t0,wide,DEoptim,3176,0
23,DFT_CRT,value_scaling_t0,wide,DEoptim,3177,0
23,DFT_CRT,value_scaling_t0,wide,DEoptim,3178,0
23,DFT_CRT,value_scaling_t0,wide,DEoptim,3179,0
23,DFT_CRT,value_scaling_t0,wide,DEoptim,3180,0
23,DFT_CRT,value_scaling_t0,wide,DEoptim,3181,0
23,DFT_CRT,value_scaling_t0,wide,DEoptim,3182,0
23,DFT_CRT,value_scaling_t0,wide,DEoptim,3183,0
23,DFT_CRT,value_scaling_t0,wide,DEoptim,3184,0
23,DFT_CRT,value_scaling_t0,wide,DEoptim,3185,0
23,DFT_CRT,value_scaling_t0,wide,DEoptim,3186,0
23,DFT_CRT,value_scaling_t0,wide,DEoptim,3187,0
23,DFT_CRT,value_scaling_t0,wide,DEoptim,3188,0
23,DFT_CRT,value_scaling_t0,wide,DEoptim,3189,0
23,DFT_CRT,value_scaling_t0,wide,DEoptim,3190,0
23,DFT_CRT,value_scaling_t0,wide,DEoptim,3191,0
23,DFT_CRT,value_scaling_t0,wide,DEoptim,3192,0
23,DFT_CRT,value_scaling_t0,wide,DEoptim,3193,0
23,DFT_CRT,value_scaling_t0,wide,DEoptim,3194,0
23,DFT_CRT,value_scaling_t0,wide,DEoptim,3195,0
23,DFT_CRT,value_scaling_t0,wide,DEoptim,3196,0
23,DFT_CRT,value_scaling_t0,wide,DEoptim,3197,0
23,DFT_CRT,value_scaling_t0,wide,DEoptim,3198,0
23,DFT_CRT,value_scaling_t0,wide,DEoptim,3199,0
23,DFT_CRT,value_scaling_t0,wide,DEoptim,3200,0
23,DFT_CRT,value_scaling_t0,wide,DEoptim,3201,0
23,DFT_CRT,value_scaling_t0,wide,DEoptim,3202,0
23,DFT_CRT,value_scaling_t0,wide,DEoptim,3203,0
23,DFT_CRT,value_scaling_t0,wide,DEoptim,3204,0
23,DFT_CRT,value_scaling_t0,wide,DEoptim,3205,0
23,DFT_CRT,value_scaling_t0,wide,DEoptim,3206,0
23,DFT_CRT,value_scaling_t0,wide,DEoptim,3207,0
23,DFT_CRT,value_scaling_t0,wide,DEoptim,3208,0
23,DFT_CRT,value_scaling_t0,wide,DEoptim,3209,0
23,DFT_CRT,value_scaling_t0,wide,DEoptim,3210,0
23,DFT_CRT,value_scaling_t0,wide,DEoptim,3211,0
23,DFT_CRT,value_scaling_t0,wide,DEoptim,3212,0
23,DFT_CRT,value_scaling_t0,wide,DEoptim,3213,0
23,DFT_CRT,value_scaling_t0,wide,DEoptim,3214,0
23,DFT_CRT,value_scaling_t0,wide,DEoptim,3215,0
23,DFT_CRT,value_scaling_t0,wide,DEoptim,3216,0
23,DFT_CRT,value_scaling_t0,wide,DEoptim,3217,0
23,DFT_CRT,value_scaling_t0,wide,DEoptim,3218,0
23,DFT_CRT,value_scaling_t0,wide,DEoptim,3219,0
23,DFT_CRT,value_scaling_t0,wide,DEoptim,3220,0
23,DFT_CRT,value_scaling_t0,wide,DEoptim,3221,0
23,DFT_CRT,value_scaling_t0,wide,DEoptim,3222,0
23,DFT_CRT,value_scaling_t0,wide,DEoptim,3223,0
23,DFT_CRT,value_scaling_t0,wide,DEoptim,3224,0
23,DFT_CRT,value_scaling_t0,wide,DEoptim,3225,0
23,DFT_CRT,value_scaling_t0,wide,DEoptim,3226,0
23,DFT_CRT,value_scaling_t0,wide,DEoptim,3227,0
23,DFT_CRT,value_scaling_t0,wide,DEoptim,3228,0
23,DFT_CRT,value_scaling_t0,wide,DEoptim,3229,0
23,DFT_CRT,value_scaling_t0,wide,DEoptim,3230,0
23,DFT_CRT,value_scaling_t0,wide,DEoptim,3231,0
23,DFT_CRT,value_scaling_t0,wide,DEoptim,3232,0
23,DFT_CRT,value_scaling_t0,wide,DEoptim,3233,0
23,DFT_CRT,value_scaling_t0,wide,DEoptim,3234,0
23,DFT_CRT,value_scaling_t0,wide,DEoptim,3235,0
23,DFT_CRT,value_scaling_t0,wide,DEoptim,3236,0
23,DFT_CRT,value_scaling_t0,wide,DEoptim,3237,0
23,DFT_CRT,value_scaling_t0,wide,DEoptim,3238,0
23,DFT_CRT,value_scaling_t0,wide,DEoptim,3239,0
23,DFT_CRT,value_scaling_t0,wide,DEoptim,3240,0
23,DFT_CRT,value_scaling_t0,wide,DEoptim,3241,0
23,DFT_CRT,value_scaling_t0,wide,DEoptim,3242,0
23,DFT_CRT,value_scaling_t0,wide,DEoptim,3243,0
23,DFT_CRT,value_scaling_t0,wide,DEoptim,3244,0
23,DFT_CRT,value_scaling_t0,wide,DEoptim,3245,0
23,DFT_CRT,value_scaling_t0,wide,DEoptim,3246,0
23,DFT_CRT,value_scaling_t0,wide,DEoptim,3247,0
23,DFT_CRT,value_scaling_t0,wide,DEoptim,3248,0
23,DFT_CRT,value_scaling_t0,wide,DEoptim,3249,0
23,DFT_CRT,value_scaling_t0,wide,DEoptim,3250,0
23,DFT_CRT,value_scaling_t0,wide,DEoptim,3251,0
23,DFT_CRT,value_scaling_t0,wide,DEoptim,3252,0
23,DFT_CRT,value_scaling_t0,wide,DEoptim,3253,0
23,DFT_CRT,value_scaling_t0,wide,DEoptim,3254,0
23,DFT_CRT,value_scaling_t0,wide,DEoptim,3255,0
23,DFT_CRT,value_scaling_t0,wide,DEoptim,3256,0
23,DFT_CRT,value_scaling_t0,wide,DEoptim,3257,0
23,DFT_CRT,value_scaling_t0,wide,DEoptim,3258,0
23,DFT_CRT,value_scaling_t0,wide,DEoptim,3259,0
23,DFT_CRT,value_scaling_t0,wide,DEoptim,3260,0
23,DFT_CRT,value_scaling_t0,wide,DEoptim,3261,0
23,DFT_CRT,value_scaling_t0,wide,DEoptim,3262,0
23,DFT_CRT,value_scaling_t0,wide,DEoptim,3263,0
23,DFT_CRT,value_scaling_t0,wide,DEoptim,3264,0
23,DFT_CRT,value_scaling_t0,wide,DEoptim,3265,0
23,DFT_CRT,value_scaling_t0,wide,DEoptim,3266,0
23,DFT_CRT,value_scaling_t0,wide,DEoptim,3267,0
23,DFT_CRT,value_scaling_t0,wide,DEoptim,3268,0
23,DFT_CRT,value_scaling_t0,wide,DEoptim,3269,0
23,DFT_CRT,value_scaling_t0,wide,DEoptim,3270,0
23,DFT_CRT,value_scaling_t0,wide,DEoptim,3271,0
23,DFT_CRT,value_scaling_t0,wide,DEoptim,3272,0
23,DFT_CRT,value_scaling_t0,wide,DEoptim,3273,0
23,DFT_CRT,value_scaling_t0,wide,DEoptim,3274,0
23,DFT_CRT,value_scaling_t0,wide,DEoptim,3275,0
23,DFT_CRT,value_scaling_t0,wide,DEoptim,3276,0
23,DFT_CRT,value_scaling_t0,wide,DEoptim,3277,0
23,DFT_CRT,value_scaling_t0,wide,DEoptim,3278,0
23,DFT_CRT,value_scaling_t0,wide,DEoptim,3279,0
23,DFT_CRT,value_scaling_t0,wide,DEoptim,3280,0
23,DFT_CRT,value_scaling_t0,wide,DEoptim,3281,0
23,DFT_CRT,value_scaling_t0,wide,DEoptim,3282,0
23,DFT_CRT,value_scaling_t0,wide,DEoptim,3283,0
23,DFT_CRT,value_scaling_t0,wide,DEoptim,3284,0
23,DFT_CRT,value_scaling_t0,wide,DEoptim,3285,0
23,DFT_CRT,value_scaling_t0,wide,DEoptim,3286,0
23,DFT_CRT,value_scaling_t0,wide,DEoptim,3287,0
23,DFT_CRT,value_scaling_t0,wide,DEoptim,3288,0
23,DFT_CRT,value_scaling_t0,wide,DEoptim,3289,0
23,DFT_CRT,value_scaling_t0,wide,DEoptim,3290,0
23,DFT_CRT,value_scaling_t0,wide,DEoptim,3291,0
23,DFT_CRT,value_scaling_t0,wide,DEoptim,3292,0
23,DFT_CRT,value_scaling_t0,wide,DEoptim,3293,0
23,DFT_CRT,value_scaling_t0,wide,DEoptim,3294,0
23,DFT_CRT,value_scaling_t0,wide,DEoptim,3295,0
23,DFT_CRT,value_scaling_t0,wide,DEoptim,3296,0
23,DFT_CRT,value_scaling_t0,wide,DEoptim,3297,0
23,DFT_CRT,value_scaling_t0,wide,DEoptim,3298,0
23,DFT_CRT,value_scaling_t0,wide,DEoptim,3299,0
23,DFT_CRT,value_scaling_t0,wide,DEoptim,3300,0
23,DFT_CRT,value_scaling_t0,wide,DEoptim,3301,0
23,DFT_CRT,value_scaling_t0,wide,DEoptim,3302,0
23,DFT_CRT,value_scaling_t0,wide,DEoptim,3303,0
23,DFT_CRT,value_scaling_t0,wide,DEoptim,3304,0
23,DFT_CRT,value_scaling_t0,wide,DEoptim,3305,0
23,DFT_CRT,value_scaling_t0,wide,DEoptim,3306,0
23,DFT_CRT,value_scaling_t0,wide,DEoptim,3307,0
23,DFT_CRT,value_scaling_t0,wide,DEoptim,3308,0
23,DFT_CRT,value_scaling_t0,wide,DEoptim,3309,0
23,DFT_CRT,value_scaling_t0,wide,DEoptim,3310,0
23,DFT_CRT,value_scaling_t0,wide,DEoptim,3311,0
23,DFT_CRT,value_scaling_t0,wide,DEoptim,3312,0
23,DFT_CRT,value_scaling_t0,wide,DEoptim,3313,0
23,DFT_CRT,value_scaling_t0,wide,DEoptim,3314,0
23,DFT_CRT,value_scaling_t0,wide,DEoptim,3315,0
23,DFT_CRT,value_scaling_t0,wide,DEoptim,3316,0
23,DFT_CRT,value_scaling_t0,wide,DEoptim,3317,0
23,DFT_CRT,value_scaling_t0,wide,DEoptim,3318,0
23,DFT_CRT,value_scaling_t0,wide,DEoptim,3319,0
23,DFT_CRT,value_scaling_t0,wide,DEoptim,3320,0
23,DFT_CRT,value_scaling_t0,wide,DEoptim,3321,0
23,DFT_CRT,value_scaling_t0,wide,DEoptim,3322,0
23,DFT_CRT,value_scaling_t0,wide,DEoptim,3323,0
23,DFT_CRT,value_scaling_t0,wide,DEoptim,3324,0
23,DFT_CRT,value_scaling_t0,wide,DEoptim,3325,0
23,DFT_CRT,value_scaling_t0,wide,DEoptim,3326,0
23,DFT_CRT,value_scaling_t0,wide,DEoptim,3327,0
23,DFT_CRT,value_scaling_t0,wide,DEoptim,3328,0
23,DFT_CRT,value_scaling_t0,wide,DEoptim,3329,0
23,DFT_CRT,value_scaling_t0,wide,DEoptim,3330,0
23,DFT_CRT,value_scaling_t0,wide,DEoptim,3331,0
23,DFT_CRT,value_scaling_t0,wide,DEoptim,3332,0
23,DFT_CRT,value_scaling_t0,wide,DEoptim,3333,0
23,DFT_CRT,value_scaling_t0,wide,DEoptim,3334,0
23,DFT_CRT,value_scaling_t0,wide,DEoptim,3335,0
23,DFT_CRT,value_scaling_t0,wide,DEoptim,3336,0
23,DFT_CRT,value_scaling_t0,wide,DEoptim,3337,0
23,DFT_CRT,value_scaling_t0,wide,DEoptim,3338,0
23,DFT_CRT,value_scaling_t0,wide,DEoptim,3339,0
23,DFT_CRT,value_scaling_t0,wide,DEoptim,3340,0
23,DFT_CRT,value_scaling_t0,wide,DEoptim,3341,0
23,DFT_CRT,value_scaling_t0,wide,DEoptim,3342,0
23,DFT_CRT,value_scaling_t0,wide,DEoptim,3343,0
23,DFT_CRT,value_scaling_t0,wide,DEoptim,3344,0
23,DFT_CRT,value_scaling_t0,wide,DEoptim,3345,0
23,DFT_CRT,value_scaling_t0,wide,DEoptim,3346,0
23,DFT_CRT,value_scaling_t0,wide,DEoptim,3347,0
23,DFT_CRT,value_scaling_t0,wide,DEoptim,3348,0
23,DFT_CRT,value_scaling_t0,wide,DEoptim,3349,0
23,DFT_CRT,value_scaling_t0,wide,DEoptim,3350,0
23,DFT_CRT,value_scaling_t0,wide,DEoptim,3351,0
23,DFT_CRT,value_scaling_t0,wide,DEoptim,3352,0
23,DFT_CRT,value_scaling_t0,wide,DEoptim,3353,0
23,DFT_CRT,value_scaling_t0,wide,DEoptim,3354,0
23,DFT_CRT,value_scaling_t0,wide,DEoptim,3355,0
23,DFT_CRT,value_scaling_t0,wide,DEoptim,3356,0
23,DFT_CRT,value_scaling_t0,wide,DEoptim,3357,0
23,DFT_CRT,value_scaling_t0,wide,DEoptim,3358,0
23,DFT_CRT,value_scaling_t0,wide,DEoptim,3359,0
23,DFT_CRT,value_scaling_t0,wide,DEoptim,3360,0
23,DFT_CRT,value_scaling_t0,wide,DEoptim,3361,0
23,DFT_CRT,value_scaling_t0,wide,DEoptim,3362,0
23,DFT_CRT,value_scaling_t0,wide,DEoptim,3363,0
23,DFT_CRT,value_scaling_t0,wide,DEoptim,3364,0
23,DFT_CRT,value_scaling_t0,wide,DEoptim,3365,0
23,DFT_CRT,value_scaling_t0,wide,DEoptim,3366,0
23,DFT_CRT,value_scaling_t0,wide,DEoptim,3367,0
23,DFT_CRT,value_scaling_t0,wide,DEoptim,3368,0
23,DFT_CRT,value_scaling_t0,wide,DEoptim,3369,0
23,DFT_CRT,value_scaling_t0,wide,DEoptim,3370,0
23,DFT_CRT,value_scaling_t0,wide,DEoptim,3371,0
23,DFT_CRT,value_scaling_t0,wide,DEoptim,3372,0
23,DFT_CRT,value_scaling_t0,wide,DEoptim,3373,0
23,DFT_CRT,value_scaling_t0,wide,DEoptim,3374,0
23,DFT_CRT,value_scaling_t0,wide,DEoptim,3375,0
23,DFT_CRT,value_scaling_t0,wide,DEoptim,3376,0
23,DFT_CRT,value_scaling_t0,wide,DEoptim,3377,0
23,DFT_CRT,value_scaling_t0,wide,DEoptim,3378,0
23,DFT_CRT,value_scaling_t0,wide,DEoptim,3379,0
23,DFT_CRT,value_scaling_t0,wide,DEoptim,3380,0
23,DFT_CRT,value_scaling_t0,wide,DEoptim,3381,0
23,DFT_CRT,value_scaling_t0,wide,DEoptim,3382,0
23,DFT_CRT,value_scaling_t0,wide,DEoptim,3383,0
23,DFT_CRT,value_scaling_t0,wide,DEoptim,3384,0
23,DFT_CRT,value_scaling_t0,wide,DEoptim,3385,0
23,DFT_CRT,value_scaling_t0,wide,DEoptim,3386,0
23,DFT_CRT,value_scaling_t0,wide,DEoptim,3387,0
23,DFT_CRT,value_scaling_t0,wide,DEoptim,3388,0
23,DFT_CRT,value_scaling_t0,wide,DEoptim,3389,0
23,DFT_CRT,value_scaling_t0,wide,DEoptim,3390,0
23,DFT_CRT,value_scaling_t0,wide,DEoptim,3391,0
23,DFT_CRT,value_scaling_t0,wide,DEoptim,3392,0
23,DFT_CRT,value_scaling_t0,wide,DEoptim,3393,0
23,DFT_CRT,value_scaling_t0,wide,DEoptim,3394,0
23,DFT_CRT,value_scaling_t0,wide,DEoptim,3395,0
23,DFT_CRT,value_scaling_t0,wide,DEoptim,3396,0
23,DFT_CRT,value_scaling_t0,wide,DEoptim,3397,0
23,DFT_CRT,value_scaling_t0,wide,DEoptim,3398,0
23,DFT_CRT,value_scaling_t0,wide,DEoptim,3399,0
23,DFT_CRT,value_scaling_t0,wide,DEoptim,3400,0
23,DFT_CRT,value_scaling_t0,wide,DEoptim,3401,0
23,DFT_CRT,value_scaling_t0,wide,DEoptim,3402,0
23,DFT_CRT,value_scaling_t0,wide,DEoptim,3403,0
23,DFT_CRT,value_scaling_t0,wide,DEoptim,3404,0
23,DFT_CRT,value_scaling_t0,wide,DEoptim,3405,0
23,DFT_CRT,value_scaling_t0,wide,DEoptim,3406,0
23,DFT_CRT,value_scaling_t0,wide,DEoptim,3407,0
23,DFT_CRT,value_scaling_t0,wide,DEoptim,3408,0
23,DFT_CRT,value_scaling_t0,wide,DEoptim,3409,0
23,DFT_CRT,value_scaling_t0,wide,DEoptim,3410,0
23,DFT_CRT,value_scaling_t0,wide,DEoptim,3411,0
23,DFT_CRT,value_scaling_t0,wide,DEoptim,3412,0
23,DFT_CRT,value_scaling_t0,wide,DEoptim,3413,0
23,DFT_CRT,value_scaling_t0,wide,DEoptim,3414,0
23,DFT_CRT,value_scaling_t0,wide,DEoptim,3415,0
23,DFT_CRT,value_scaling_t0,wide,DEoptim,3416,0
23,DFT_CRT,value_scaling_t0,wide,DEoptim,3417,0
23,DFT_CRT,value_scaling_t0,wide,DEoptim,3418,0
23,DFT_CRT,value_scaling_t0,wide,DEoptim,3419,0
23,DFT_CRT,value_scaling_t0,wide,DEoptim,3420,0
23,DFT_CRT,value_scaling_t0,wide,DEoptim,3421,0
23,DFT_CRT,value_scaling_t0,wide,DEoptim,3422,0
23,DFT_CRT,value_scaling_t0,wide,DEoptim,3423,0
23,DFT_CRT,value_scaling_t0,wide,DEoptim,3424,0
23,DFT_CRT,value_scaling_t0,wide,DEoptim,3425,0
23,DFT_CRT,value_scaling_t0,wide,DEoptim,3426,0
23,DFT_CRT,value_scaling_t0,wide,DEoptim,3427,0
23,DFT_CRT,value_scaling_t0,wide,DEoptim,3428,0
23,DFT_CRT,value_scaling_t0,wide,DEoptim,3429,0
23,DFT_CRT,value_scaling_t0,wide,DEoptim,3430,0
23,DFT_CRT,value_scaling_t0,wide,DEoptim,3431,0
23,DFT_CRT,value_scaling_t0,wide,DEoptim,3432,0
23,DFT_CRT,value_scaling_t0,wide,DEoptim,3433,0
23,DFT_CRT,value_scaling_t0,wide,DEoptim,3434,0
23,DFT_CRT,value_scaling_t0,wide,DEoptim,3435,0
23,DFT_CRT,value_scaling_t0,wide,DEoptim,3436,0
23,DFT_CRT,value_scaling_t0,wide,DEoptim,3437,0
23,DFT_CRT,value_scaling_t0,wide,DEoptim,3438,0
23,DFT_CRT,value_scaling_t0,wide,DEoptim,3439,0
23,DFT_CRT,value_scaling_t0,wide,DEoptim,3440,0
23,DFT_CRT,value_scaling_t0,wide,DEoptim,3441,0
23,DFT_CRT,value_scaling_t0,wide,DEoptim,3442,0
23,DFT_CRT,value_scaling_t0,wide,DEoptim,3443,0
23,DFT_CRT,value_scaling_t0,wide,DEoptim,3444,0
23,DFT_CRT,value_scaling_t0,wide,DEoptim,3445,0
23,DFT_CRT,value_scaling_t0,wide,DEoptim,3446,0
23,DFT_CRT,value_scaling_t0,wide,DEoptim,3447,0
23,DFT_CRT,value_scaling_t0,wide,DEoptim,3448,0
23,DFT_CRT,value_scaling_t0,wide,DEoptim,3449,0
23,DFT_CRT,value_scaling_t0,wide,DEoptim,3450,0
23,DFT_CRT,value_scaling_t0,wide,DEoptim,3451,0
23,DFT_CRT,value_scaling_t0,wide,DEoptim,3452,0
23,DFT_CRT,value_scaling_t0,wide,DEoptim,3453,0
23,DFT_CRT,value_scaling_t0,wide,DEoptim,3454,0
23,DFT_CRT,value_scaling_t0,wide,DEoptim,3455,0
23,DFT_CRT,value_scaling_t0,wide,DEoptim,3456,0
23,DFT_CRT,value_scaling_t0,wide,DEoptim,3457,0
23,DFT_CRT,value_scaling_t0,wide,DEoptim,3458,0
23,DFT_CRT,value_scaling_t0,wide,DEoptim,3459,0
23,DFT_CRT,value_scaling_t0,wide,DEoptim,3460,0
23,DFT_CRT,value_scaling_t0,wide,DEoptim,3461,0
23,DFT_CRT,value_scaling_t0,wide,DEoptim,3462,0
23,DFT_CRT,value_scaling_t0,wide,DEoptim,3463,0
23,DFT_CRT,value_scaling_t0,wide,DEoptim,3464,0
23,DFT_CRT,value_scaling_t0,wide,DEoptim,3465,0
23,DFT_CRT,value_scaling_t0,wide,DEoptim,3466,0
23,DFT_CRT,value_scaling_t0,wide,DEoptim,3467,0
23,DFT_CRT,value_scaling_t0,wide,DEoptim,3468,0
23,DFT_CRT,value_scaling_t0,wide,DEoptim,3469,0
23,DFT_CRT,value_scaling_t0,wide,DEoptim,3470,0
23,DFT_CRT,value_scaling_t0,wide,DEoptim,3471,0
23,DFT_CRT,value_scaling_t0,wide,DEoptim,3472,0
23,DFT_CRT,value_scaling_t0,wide,DEoptim,3473,0
23,DFT_CRT,value_scaling_t0,wide,DEoptim,3474,0
23,DFT_CRT,value_scaling_t0,wide,DEoptim,3475,0
23,DFT_CRT,value_scaling_t0,wide,DEoptim,3476,0
23,DFT_CRT,value_scaling_t0,wide,DEoptim,3477,0
23,DFT_CRT,value_scaling_t0,wide,DEoptim,3478,0
23,DFT_CRT,value_scaling_t0,wide,DEoptim,3479,0
23,DFT_CRT,value_scaling_t0,wide,DEoptim,3480,0
23,DFT_CRT,value_scaling_t0,wide,DEoptim,3481,0
23,DFT_CRT,value_scaling_t0,wide,DEoptim,3482,0
23,DFT_CRT,value_scaling_t0,wide,DEoptim,3483,0
23,DFT_CRT,value_scaling_t0,wide,DEoptim,3484,0
23,DFT_CRT,value_scaling_t0,wide,DEoptim,3485,0
23,DFT_CRT,value_scaling_t0,wide,DEoptim,3486,0
23,DFT_CRT,value_scaling_t0,wide,DEoptim,3487,0
23,DFT_CRT,value_scaling_t0,wide,DEoptim,3488,0
23,DFT_CRT,value_scaling_t0,wide,DEoptim,3489,0
23,DFT_CRT,value_scaling_t0,wide,DEoptim,3490,0
23,DFT_CRT,value_scaling_t0,wide,DEoptim,3491,0
23,DFT_CRT,value_scaling_t0,wide,DEoptim,3492,0
23,DFT_CRT,value_scaling_t0,wide,DEoptim,3493,0
23,DFT_CRT,value_scaling_t0,wide,DEoptim,3494,0
23,DFT_CRT,value_scaling_t0,wide,DEoptim,3495,0
23,DFT_CRT,value_scaling_t0,wide,DEoptim,3496,0
23,DFT_CRT,value_scaling_t0,wide,DEoptim,3497,0
23,DFT_CRT,value_scaling_t0,wide,DEoptim,3498,0
23,DFT_CRT,value_scaling_t0,wide,DEoptim,3499,0
23,DFT_CRT,value_scaling_t0,wide,DEoptim,3500,0
23,DFT_CRT,value_scaling_t0,wide,DEoptim,3501,0
23,DFT_CRT,value_scaling_t0,wide,DEoptim,3502,0
23,DFT_CRT,value_scaling_t0,wide,DEoptim,3503,0
23,DFT_CRT,value_scaling_t0,wide,DEoptim,3504,0
23,DFT_CRT,value_scaling_t0,wide,DEoptim,3505,0
23,DFT_CRT,value_scaling_t0,wide,DEoptim,3506,0
23,DFT_CRT,value_scaling_t0,wide,DEoptim,3507,0
23,DFT_CRT,value_scaling_t0,wide,DEoptim,3508,0
23,DFT_CRT,value_scaling_t0,wide,DEoptim,3509,0
23,DFT_CRT,value_scaling_t0,wide,DEoptim,3510,0
23,DFT_CRT,value_scaling_t0,wide,DEoptim,3511,0
23,DFT_CRT,value_scaling_t0,wide,DEoptim,3512,0
23,DFT_CRT,value_scaling_t0,wide,DEoptim,3513,0
23,DFT_CRT,value_scaling_t0,wide,DEoptim,3514,0
23,DFT_CRT,value_scaling_t0,wide,DEoptim,3515,0
23,DFT_CRT,value_scaling_t0,wide,DEoptim,3516,0
23,DFT_CRT,value_scaling_t0,wide,DEoptim,3517,0
23,DFT_CRT,value_scaling_t0,wide,DEoptim,3518,0
23,DFT_CRT,value_scaling_t0,wide,DEoptim,3519,0
23,DFT_CRT,value_scaling_t0,wide,DEoptim,3520,0
23,DFT_CRT,value_scaling_t0,wide,DEoptim,3521,0
23,DFT_CRT,value_scaling_t0,wide,DEoptim,3522,0
23,DFT_CRT,value_scaling_t0,wide,DEoptim,3523,0
23,DFT_CRT,value_scaling_t0,wide,DEoptim,3524,0
23,DFT_CRT,value_scaling_t0,wide,DEoptim,3525,0
23,DFT_CRT,value_scaling_t0,wide,DEoptim,3526,0
23,DFT_CRT,value_scaling_t0,wide,DEoptim,3527,0
23,DFT_CRT,value_scaling_t0,wide,DEoptim,3528,0
23,DFT_CRT,value_scaling_t0,wide,DEoptim,3529,0
23,DFT_CRT,value_scaling_t0,wide,DEoptim,3530,0
23,DFT_CRT,value_scaling_t0,wide,DEoptim,3531,0
23,DFT_CRT,value_scaling_t0,wide,DEoptim,3532,0
23,DFT_CRT,value_scaling_t0,wide,DEoptim,3533,0
23,DFT_CRT,value_scaling_t0,wide,DEoptim,3534,0
23,DFT_CRT,value_scaling_t0,wide,DEoptim,3535,0
23,DFT_CRT,value_scaling_t0,wide,DEoptim,3536,0
23,DFT_CRT,value_scaling_t0,wide,DEoptim,3537,0
23,DFT_CRT,value_scaling_t0,wide,DEoptim,3538,0
23,DFT_CRT,value_scaling_t0,wide,DEoptim,3539,0
23,DFT_CRT,value_scaling_t0,wide,DEoptim,3540,0
23,DFT_CRT,value_scaling_t0,wide,DEoptim,3541,0
23,DFT_CRT,value_scaling_t0,wide,DEoptim,3542,0
23,DFT_CRT,value_scaling_t0,wide,DEoptim,3543,0
23,DFT_CRT,value_scaling_t0,wide,DEoptim,3544,0
23,DFT_CRT,value_scaling_t0,wide,DEoptim,3545,0
23,DFT_CRT,value_scaling_t0,wide,DEoptim,3546,0
23,DFT_CRT,value_scaling_t0,wide,DEoptim,3547,0
23,DFT_CRT,value_scaling_t0,wide,DEoptim,3548,0
23,DFT_CRT,value_scaling_t0,wide,DEoptim,3549,0
23,DFT_CRT,value_scaling_t0,wide,DEoptim,3550,0
23,DFT_CRT,value_scaling_t0,wide,DEoptim,3551,0
23,DFT_CRT,value_scaling_t0,wide,DEoptim,3552,0
23,DFT_CRT,value_scaling_t0,wide,DEoptim,3553,0
23,DFT_CRT,value_scaling_t0,wide,DEoptim,3554,0
23,DFT_CRT,value_scaling_t0,wide,DEoptim,3555,0
23,DFT_CRT,value_scaling_t0,wide,DEoptim,3556,0
23,DFT_CRT,value_scaling_t0,wide,DEoptim,3557,0
23,DFT_CRT,value_scaling_t0,wide,DEoptim,3558,0
23,DFT_CRT,value_scaling_t0,wide,DEoptim,3559,0
23,DFT_CRT,value_scaling_t0,wide,DEoptim,3560,0
23,DFT_CRT,value_scaling_t0,wide,DEoptim,3561,0
23,DFT_CRT,value_scaling_t0,wide,DEoptim,3562,0
23,DFT_CRT,value_scaling_t0,wide,DEoptim,3563,0
23,DFT_CRT,value_scaling_t0,wide,DEoptim,3564,0
23,DFT_CRT,value_scaling_t0,wide,DEoptim,3565,0
23,DFT_CRT,value_scaling_t0,wide,DEoptim,3566,0
23,DFT_CRT,value_scaling_t0,wide,DEoptim,3567,0
23,DFT_CRT,value_scaling_t0,wide,DEoptim,3568,0
23,DFT_CRT,value_scaling_t0,wide,DEoptim,3569,0
23,DFT_CRT,value_scaling_t0,wide,DEoptim,3570,0
23,DFT_CRT,value_scaling_t0,wide,DEoptim,3571,0
23,DFT_CRT,value_scaling_t0,wide,DEoptim,3572,0
23,DFT_CRT,value_scaling_t0,wide,DEoptim,3573,0
23,DFT_CRT,value_scaling_t0,wide,DEoptim,3574,0
23,DFT_CRT,value_scaling_t0,wide,DEoptim,3575,0
23,DFT_CRT,value_scaling_t0,wide,DEoptim,3576,0
23,DFT_CRT,value_scaling_t0,wide,DEoptim,3577,0
23,DFT_CRT,value_scaling_t0,wide,DEoptim,3578,0
23,DFT_CRT,value_scaling_t0,wide,DEoptim,3579,0
23,DFT_CRT,value_scaling_t0,wide,DEoptim,3580,0
23,DFT_CRT,value_scaling_t0,wide,DEoptim,3581,0
23,DFT_CRT,value_scaling_t0,wide,DEoptim,3582,0
23,DFT_CRT,value_scaling_t0,wide,DEoptim,3583,0
23,DFT_CRT,value_scaling_t0,wide,DEoptim,3584,0
23,DFT_CRT,value_scaling_t0,wide,DEoptim,3585,0
23,DFT_CRT,value_scaling_t0,wide,DEoptim,3586,0
23,DFT_CRT,value_scaling_t0,wide,DEoptim,3587,0
23,DFT_CRT,value_scaling_t0,wide,DEoptim,3588,0
23,DFT_CRT,value_scaling_t0,wide,DEoptim,3589,0
23,DFT_CRT,value_scaling_t0,wide,DEoptim,3590,0
23,DFT_CRT,value_scaling_t0,wide,DEoptim,3591,0
23,DFT_CRT,value_scaling_t0,wide,DEoptim,3592,0
23,DFT_CRT,value_scaling_t0,wide,DEoptim,3593,0
23,DFT_CRT,value_scaling_t0,wide,DEoptim,3594,0
23,DFT_CRT,value_scaling_t0,wide,DEoptim,3595,0
23,DFT_CRT,value_scaling_t0,wide,DEoptim,3596,0
23,DFT_CRT,value_scaling_t0,wide,DEoptim,3597,0
23,DFT_CRT,value_scaling_t0,wide,DEoptim,3598,0
23,DFT_CRT,value_scaling_t0,wide,DEoptim,3599,0
23,DFT_CRT,value_scaling_t0,wide,DEoptim,3600,0
23,DFT_CRT,value_scaling_t0,wide,DEoptim,3601,0
23,DFT_CRT,value_scaling_t0,wide,DEoptim,3602,0
23,DFT_CRT,value_scaling_t0,wide,DEoptim,3603,0
23,DFT_CRT,value_scaling_t0,wide,DEoptim,3604,0
23,DFT_CRT,value_scaling_t0,wide,DEoptim,3605,0
23,DFT_CRT,value_scaling_t0,wide,DEoptim,3606,0
23,DFT_CRT,value_scaling_t0,wide,DEoptim,3607,0
23,DFT_CRT,value_scaling_t0,wide,DEoptim,3608,0
23,DFT_CRT,value_scaling_t0,wide,DEoptim,3609,0
23,DFT_CRT,value_scaling_t0,wide,DEoptim,3610,0
23,DFT_CRT,value_scaling_t0,wide,DEoptim,3611,0
23,DFT_CRT,value_scaling_t0,wide,DEoptim,3612,0
23,DFT_CRT,value_scaling_t0,wide,DEoptim,3613,0
23,DFT_CRT,value_scaling_t0,wide,DEoptim,3614,0
23,DFT_CRT,value_scaling_t0,wide,DEoptim,3615,0
23,DFT_CRT,value_scaling_t0,wide,DEoptim,3616,0
23,DFT_CRT,value_scaling_t0,wide,DEoptim,3617,0
23,DFT_CRT,value_scaling_t0,wide,DEoptim,3618,0
23,DFT_CRT,value_scaling_t0,wide,DEoptim,3619,0
23,DFT_CRT,value_scaling_t0,wide,DEoptim,3620,0
23,DFT_CRT,value_scaling_t0,wide,DEoptim,3621,0
23,DFT_CRT,value_scaling_t0,wide,DEoptim,3622,0
23,DFT_CRT,value_scaling_t0,wide,DEoptim,3623,0
23,DFT_CRT,value_scaling_t0,wide,DEoptim,3624,0
23,DFT_CRT,value_scaling_t0,wide,DEoptim,3625,0
23,DFT_CRT,value_scaling_t0,wide,DEoptim,3626,0
23,DFT_CRT,value_scaling_t0,wide,DEoptim,3627,0
23,DFT_CRT,value_scaling_t0,wide,DEoptim,3628,0
23,DFT_CRT,value_scaling_t0,wide,DEoptim,3629,0
23,DFT_CRT,value_scaling_t0,wide,DEoptim,3630,0
23,DFT_CRT,value_scaling_t0,wide,DEoptim,3631,0
23,DFT_CRT,value_scaling_t0,wide,DEoptim,3632,0
23,DFT_CRT,value_scaling_t0,wide,DEoptim,3633,0
23,DFT_CRT,value_scaling_t0,wide,DEoptim,3634,0
23,DFT_CRT,value_scaling_t0,wide,DEoptim,3635,0
23,DFT_CRT,value_scaling_t0,wide,DEoptim,3636,0
23,DFT_CRT,value_scaling_t0,wide,DEoptim,3637,0
23,DFT_CRT,value_scaling_t0,wide,DEoptim,3638,0
23,DFT_CRT,value_scaling_t0,wide,DEoptim,3639,0
23,DFT_CRT,value_scaling_t0,wide,DEoptim,3640,0
23,DFT_CRT,value_scaling_t0,wide,DEoptim,3641,0
23,DFT_CRT,value_scaling_t0,wide,DEoptim,3642,0
23,DFT_CRT,value_scaling_t0,wide,DEoptim,3643,0
23,DFT_CRT,value_scaling_t0,wide,DEoptim,3644,0
23,DFT_CRT,value_scaling_t0,wide,DEoptim,3645,0
23,DFT_CRT,value_scaling_t0,wide,DEoptim,3646,0
23,DFT_CRT,value_scaling_t0,wide,DEoptim,3647,0
23,DFT_CRT,value_scaling_t0,wide,DEoptim,3648,0
23,DFT_CRT,value_scaling_t0,wide,DEoptim,3649,0
23,DFT_CRT,value_scaling_t0,wide,DEoptim,3650,0
23,DFT_CRT,value_scaling_t0,wide,DEoptim,3651,0
23,DFT_CRT,value_scaling_t0,wide,DEoptim,3652,0
23,DFT_CRT,value_scaling_t0,wide,DEoptim,3653,0
23,DFT_CRT,value_scaling_t0,wide,DEoptim,3654,0
23,DFT_CRT,value_scaling_t0,wide,DEoptim,3655,0
23,DFT_CRT,value_scaling_t0,wide,DEoptim,3656,0
23,DFT_CRT,value_scaling_t0,wide,DEoptim,3657,0
23,DFT_CRT,value_scaling_t0,wide,DEoptim,3658,0
23,DFT_CRT,value_scaling_t0,wide,DEoptim,3659,0
23,DFT_CRT,value_scaling_t0,wide,DEoptim,3660,0
23,DFT_CRT,value_scaling_t0,wide,DEoptim,3661,0
23,DFT_CRT,value_scaling_t0,wide,DEoptim,3662,0
23,DFT_CRT,value_scaling_t0,wide,DEoptim,3663,0
23,DFT_CRT,value_scaling_t0,wide,DEoptim,3664,0
23,DFT_CRT,value_scaling_t0,wide,DEoptim,3665,0
23,DFT_CRT,value_scaling_t0,wide,DEoptim,3666,0
23,DFT_CRT,value_scaling_t0,wide,DEoptim,3667,0
23,DFT_CRT,value_scaling_t0,wide,DEoptim,3668,0
23,DFT_CRT,value_scaling_t0,wide,DEoptim,3669,0
23,DFT_CRT,value_scaling_t0,wide,DEoptim,3670,0
23,DFT_CRT,value_scaling_t0,wide,DEoptim,3671,0
23,DFT_CRT,value_scaling_t0,wide,DEoptim,3672,0
23,DFT_CRT,value_scaling_t0,wide,DEoptim,3673,0
23,DFT_CRT,value_scaling_t0,wide,DEoptim,3674,0
23,DFT_CRT,value_scaling_t0,wide,DEoptim,3675,0
23,DFT_CRT,value_scaling_t0,wide,DEoptim,3676,0
23,DFT_CRT,value_scaling_t0,wide,DEoptim,3677,0
23,DFT_CRT,value_scaling_t0,wide,DEoptim,3678,0
23,DFT_CRT,value_scaling_t0,wide,DEoptim,3679,0
23,DFT_CRT,value_scaling_t0,wide,DEoptim,3680,0
23,DFT_CRT,value_scaling_t0,wide,DEoptim,3681,0
23,DFT_CRT,value_scaling_t0,wide,DEoptim,3682,0
23,DFT_CRT,value_scaling_t0,wide,DEoptim,3683,0
23,DFT_CRT,value_scaling_t0,wide,DEoptim,3684,0
23,DFT_CRT,value_scaling_t0,wide,DEoptim,3685,0
23,DFT_CRT,value_scaling_t0,wide,DEoptim,3686,0
23,DFT_CRT,value_scaling_t0,wide,DEoptim,3687,0
23,DFT_CRT,value_scaling_t0,wide,DEoptim,3688,0
23,DFT_CRT,value_scaling_t0,wide,DEoptim,3689,0
23,DFT_CRT,value_scaling_t0,wide,DEoptim,3690,0
23,DFT_CRT,value_scaling_t0,wide,DEoptim,3691,0
23,DFT_CRT,value_scaling_t0,wide,DEoptim,3692,0
23,DFT_CRT,value_scaling_t0,wide,DEoptim,3693,0
23,DFT_CRT,value_scaling_t0,wide,DEoptim,3694,0
23,DFT_CRT,value_scaling_t0,wide,DEoptim,3695,0
23,DFT_CRT,value_scaling_t0,wide,DEoptim,3696,0
23,DFT_CRT,value_scaling_t0,wide,DEoptim,3697,0
23,DFT_CRT,value_scaling_t0,wide,DEoptim,3698,0
23,DFT_CRT,value_scaling_t0,wide,DEoptim,3699,0
23,DFT_CRT,value_scaling_t0,wide,DEoptim,3700,0
23,DFT_CRT,value_scaling_t0,wide,DEoptim,3701,0
23,DFT_CRT,value_scaling_t0,wide,DEoptim,3702,0
23,DFT_CRT,value_scaling_t0,wide,DEoptim,3703,0
23,DFT_CRT,value_scaling_t0,wide,DEoptim,3704,0
23,DFT_CRT,value_scaling_t0,wide,DEoptim,3705,0
23,DFT_CRT,value_scaling_t0,wide,DEoptim,3706,0
23,DFT_CRT,value_scaling_t0,wide,DEoptim,3707,0
23,DFT_CRT,value_scaling_t0,wide,DEoptim,3708,0
23,DFT_CRT,value_scaling_t0,wide,DEoptim,3709,0
23,DFT_CRT,value_scaling_t0,wide,DEoptim,3710,0
23,DFT_CRT,value_scaling_t0,wide,DEoptim,3711,0
23,DFT_CRT,value_scaling_t0,wide,DEoptim,3712,0
23,DFT_CRT,value_scaling_t0,wide,DEoptim,3713,0
23,DFT_CRT,value_scaling_t0,wide,DEoptim,3714,0
23,DFT_CRT,value_scaling_t0,wide,DEoptim,3715,0
23,DFT_CRT,value_scaling_t0,wide,DEoptim,3716,0
23,DFT_CRT,value_scaling_t0,wide,DEoptim,3717,0
23,DFT_CRT,value_scaling_t0,wide,DEoptim,3718,0
23,DFT_CRT,value_scaling_t0,wide,DEoptim,3719,0
23,DFT_CRT,value_scaling_t0,wide,DEoptim,3720,0
23,DFT_CRT,value_scaling_t0,wide,DEoptim,3721,0
23,DFT_CRT,value_scaling_t0,wide,DEoptim,3722,0
23,DFT_CRT,value_scaling_t0,wide,DEoptim,3723,0
23,DFT_CRT,value_scaling_t0,wide,DEoptim,3724,0
23,DFT_CRT,value_scaling_t0,wide,DEoptim,3725,0
23,DFT_CRT,value_scaling_t0,wide,DEoptim,3726,0
23,DFT_CRT,value_scaling_t0,wide,DEoptim,3727,0
23,DFT_CRT,value_scaling_t0,wide,DEoptim,3728,0
23,DFT_CRT,value_scaling_t0,wide,DEoptim,3729,0
23,DFT_CRT,value_scaling_t0,wide,DEoptim,3730,0
23,DFT_CRT,value_scaling_t0,wide,DEoptim,3731,0
23,DFT_CRT,value_scaling_t0,wide,DEoptim,3732,0
23,DFT_CRT,value_scaling_t0,wide,DEoptim,3733,0
23,DFT_CRT,value_scaling_t0,wide,DEoptim,3734,0
23,DFT_CRT,value_scaling_t0,wide,DEoptim,3735,0
23,DFT_CRT,value_scaling_t0,wide,DEoptim,3736,0
23,DFT_CRT,value_scaling_t0,wide,DEoptim,3737,0
23,DFT_CRT,value_scaling_t0,wide,DEoptim,3738,0
23,DFT_CRT,value_scaling_t0,wide,DEoptim,3739,0
23,DFT_CRT,value_scaling_t0,wide,DEoptim,3740,0
23,DFT_CRT,value_scaling_t0,wide,DEoptim,3741,0
23,DFT_CRT,value_scaling_t0,wide,DEoptim,3742,0
23,DFT_CRT,value_scaling_t0,wide,DEoptim,3743,0
23,DFT_CRT,value_scaling_t0,wide,DEoptim,3744,0
23,DFT_CRT,value_scaling_t0,wide,DEoptim,3745,0
23,DFT_CRT,value_scaling_t0,wide,DEoptim,3746,0
23,DFT_CRT,value_scaling_t0,wide,DEoptim,3747,0
23,DFT_CRT,value_scaling_t0,wide,DEoptim,3748,0
23,DFT_CRT,value_scaling_t0,wide,DEoptim,3749,0
23,DFT_CRT,value_scaling_t0,wide,DEoptim,3750,0
23,DFT_CRT,value_scaling_t0,wide,DEoptim,3751,0
23,DFT_CRT,value_scaling_t0,wide,DEoptim,3752,0
23,DFT_CRT,value_scaling_t0,wide,DEoptim,3753,0
23,DFT_CRT,value_scaling_t0,wide,DEoptim,3754,0
23,DFT_CRT,value_scaling_t0,wide,DEoptim,3755,0
23,DFT_CRT,value_scaling_t0,wide,DEoptim,3756,0
23,DFT_CRT,value_scaling_t0,wide,DEoptim,3757,0
23,DFT_CRT,value_scaling_t0,wide,DEoptim,3758,0
23,DFT_CRT,value_scaling_t0,wide,DEoptim,3759,0
23,DFT_CRT,value_scaling_t0,wide,DEoptim,3760,0
23,DFT_CRT,value_scaling_t0,wide,DEoptim,3761,0
23,DFT_CRT,value_scaling_t0,wide,DEoptim,3762,0
23,DFT_CRT,value_scaling_t0,wide,DEoptim,3763,0
23,DFT_CRT,value_scaling_t0,wide,DEoptim,3764,0
23,DFT_CRT,value_scaling_t0,wide,DEoptim,3765,0
23,DFT_CRT,value_scaling_t0,wide,DEoptim,3766,0
23,DFT_CRT,value_scaling_t0,wide,DEoptim,3767,0
23,DFT_CRT,value_scaling_t0,wide,DEoptim,3768,0
23,DFT_CRT,value_scaling_t0,wide,DEoptim,3769,0
23,DFT_CRT,value_scaling_t0,wide,DEoptim,3770,0
23,DFT_CRT,value_scaling_t0,wide,DEoptim,3771,0
23,DFT_CRT,value_scaling_t0,wide,DEoptim,3772,0
23,DFT_CRT,value_scaling_t0,wide,DEoptim,3773,0
23,DFT_CRT,value_scaling_t0,wide,DEoptim,3774,0
23,DFT_CRT,value_scaling_t0,wide,DEoptim,3775,0
23,DFT_CRT,value_scaling_t0,wide,DEoptim,3776,0
23,DFT_CRT,value_scaling_t0,wide,DEoptim,3777,0
23,DFT_CRT,value_scaling_t0,wide,DEoptim,3778,0
23,DFT_CRT,value_scaling_t0,wide,DEoptim,3779,0
23,DFT_CRT,value_scaling_t0,wide,DEoptim,3780,0
23,DFT_CRT,value_scaling_t0,wide,DEoptim,3781,0
23,DFT_CRT,value_scaling_t0,wide,DEoptim,3782,0
23,DFT_CRT,value_scaling_t0,wide,DEoptim,3783,0
23,DFT_CRT,value_scaling_t0,wide,DEoptim,3784,0
23,DFT_CRT,value_scaling_t0,wide,DEoptim,3785,0
23,DFT_CRT,value_scaling_t0,wide,DEoptim,3786,0
23,DFT_CRT,value_scaling_t0,wide,DEoptim,3787,0
23,DFT_CRT,value_scaling_t0,wide,DEoptim,3788,0
23,DFT_CRT,value_scaling_t0,wide,DEoptim,3789,0
23,DFT_CRT,value_scaling_t0,wide,DEoptim,3790,0
23,DFT_CRT,value_scaling_t0,wide,DEoptim,3791,0
23,DFT_CRT,value_scaling_t0,wide,DEoptim,3792,0
23,DFT_CRT,value_scaling_t0,wide,DEoptim,3793,0
23,DFT_CRT,value_scaling_t0,wide,DEoptim,3794,0
23,DFT_CRT,value_scaling_t0,wide,DEoptim,3795,0
23,DFT_CRT,value_scaling_t0,wide,DEoptim,3796,0
23,DFT_CRT,value_scaling_t0,wide,DEoptim,3797,0
23,DFT_CRT,value_scaling_t0,wide,DEoptim,3798,0
23,DFT_CRT,value_scaling_t0,wide,DEoptim,3799,0
23,DFT_CRT,value_scaling_t0,wide,DEoptim,3800,0
23,DFT_CRT,value_scaling_t0,wide,DEoptim,3801,0
23,DFT_CRT,value_scaling_t0,wide,DEoptim,3802,0
23,DFT_CRT,value_scaling_t0,wide,DEoptim,3803,0
23,DFT_CRT,value_scaling_t0,wide,DEoptim,3804,0
23,DFT_CRT,value_scaling_t0,wide,DEoptim,3805,0
23,DFT_CRT,value_scaling_t0,wide,DEoptim,3806,0
23,DFT_CRT,value_scaling_t0,wide,DEoptim,3807,0
23,DFT_CRT,value_scaling_t0,wide,DEoptim,3808,0
23,DFT_CRT,value_scaling_t0,wide,DEoptim,3809,0
23,DFT_CRT,value_scaling_t0,wide,DEoptim,3810,0
23,DFT_CRT,value_scaling_t0,wide,DEoptim,3811,0
23,DFT_CRT,value_scaling_t0,wide,DEoptim,3812,0
23,DFT_CRT,value_scaling_t0,wide,DEoptim,3813,0
23,DFT_CRT,value_scaling_t0,wide,DEoptim,3814,0
23,DFT_CRT,value_scaling_t0,wide,DEoptim,3815,0
23,DFT_CRT,value_scaling_t0,wide,DEoptim,3816,0
23,DFT_CRT,value_scaling_t0,wide,DEoptim,3817,0
23,DFT_CRT,value_scaling_t0,wide,DEoptim,3818,0
23,DFT_CRT,value_scaling_t0,wide,DEoptim,3819,0
23,DFT_CRT,value_scaling_t0,wide,DEoptim,3820,0
23,DFT_CRT,value_scaling_t0,wide,DEoptim,3821,0
23,DFT_CRT,value_scaling_t0,wide,DEoptim,3822,0
23,DFT_CRT,value_scaling_t0,wide,DEoptim,3823,0
23,DFT_CRT,value_scaling_t0,wide,DEoptim,3824,0
23,DFT_CRT,value_scaling_t0,wide,DEoptim,3825,0
23,DFT_CRT,value_scaling_t0,wide,DEoptim,3826,0
23,DFT_CRT,value_scaling_t0,wide,DEoptim,3827,0
23,DFT_CRT,value_scaling_t0,wide,DEoptim,3828,0
23,DFT_CRT,value_scaling_t0,wide,DEoptim,3829,0
23,DFT_CRT,value_scaling_t0,wide,DEoptim,3830,0
23,DFT_CRT,value_scaling_t0,wide,DEoptim,3831,0
23,DFT_CRT,value_scaling_t0,wide,DEoptim,3832,0
23,DFT_CRT,value_scaling_t0,wide,DEoptim,3833,0
23,DFT_CRT,value_scaling_t0,wide,DEoptim,3834,0
23,DFT_CRT,value_scaling_t0,wide,DEoptim,3835,0
23,DFT_CRT,value_scaling_t0,wide,DEoptim,3836,0
23,DFT_CRT,value_scaling_t0,wide,DEoptim,3837,0
23,DFT_CRT,value_scaling_t0,wide,DEoptim,3838,0
23,DFT_CRT,value_scaling_t0,wide,DEoptim,3839,0
23,DFT_CRT,value_scaling_t0,wide,DEoptim,3840,0
23,DFT_CRT,value_scaling_t0,wide,DEoptim,3841,0
23,DFT_CRT,value_scaling_t0,wide,DEoptim,3842,0
23,DFT_CRT,value_scaling_t0,wide,DEoptim,3843,0
23,DFT_CRT,value_scaling_t0,wide,DEoptim,3844,0
23,DFT_CRT,value_scaling_t0,wide,DEoptim,3845,0
23,DFT_CRT,value_scaling_t0,wide,DEoptim,3846,0
23,DFT_CRT,value_scaling_t0,wide,DEoptim,3847,0
23,DFT_CRT,value_scaling_t0,wide,DEoptim,3848,0
23,DFT_CRT,value_scaling_t0,wide,DEoptim,3849,0
23,DFT_CRT,value_scaling_t0,wide,DEoptim,3850,0
23,DFT_CRT,value_scaling_t0,wide,DEoptim,3851,0
23,DFT_CRT,value_scaling_t0,wide,DEoptim,3852,0
23,DFT_CRT,value_scaling_t0,wide,DEoptim,3853,0
23,DFT_CRT,value_scaling_t0,wide,DEoptim,3854,0
23,DFT_CRT,value_scaling_t0,wide,DEoptim,3855,0
23,DFT_CRT,value_scaling_t0,wide,DEoptim,3856,0
23,DFT_CRT,value_scaling_t0,wide,DEoptim,3857,0
23,DFT_CRT,value_scaling_t0,wide,DEoptim,3858,0
23,DFT_CRT,value_scaling_t0,wide,DEoptim,3859,0
23,DFT_CRT,value_scaling_t0,wide,DEoptim,3860,0
23,DFT_CRT,value_scaling_t0,wide,DEoptim,3861,0
23,DFT_CRT,value_scaling_t0,wide,DEoptim,3862,0
23,DFT_CRT,value_scaling_t0,wide,DEoptim,3863,0
23,DFT_CRT,value_scaling_t0,wide,DEoptim,3864,0
23,DFT_CRT,value_scaling_t0,wide,DEoptim,3865,0
23,DFT_CRT,value_scaling_t0,wide,DEoptim,3866,0
23,DFT_CRT,value_scaling_t0,wide,DEoptim,3867,0
23,DFT_CRT,value_scaling_t0,wide,DEoptim,3868,0
23,DFT_CRT,value_scaling_t0,wide,DEoptim,3869,0
23,DFT_CRT,value_scaling_t0,wide,DEoptim,3870,0
23,DFT_CRT,value_scaling_t0,wide,DEoptim,3871,0
23,DFT_CRT,value_scaling_t0,wide,DEoptim,3872,0
23,DFT_CRT,value_scaling_t0,wide,DEoptim,3873,0
23,DFT_CRT,value_scaling_t0,wide,DEoptim,3874,0
23,DFT_CRT,value_scaling_t0,wide,DEoptim,3875,0
23,DFT_CRT,value_scaling_t0,wide,DEoptim,3876,0
23,DFT_CRT,value_scaling_t0,wide,DEoptim,3877,0
23,DFT_CRT,value_scaling_t0,wide,DEoptim,3878,0
23,DFT_CRT,value_scaling_t0,wide,DEoptim,3879,0
23,DFT_CRT,value_scaling_t0,wide,DEoptim,3880,0
23,DFT_CRT,value_scaling_t0,wide,DEoptim,3881,0
23,DFT_CRT,value_scaling_t0,wide,DEoptim,3882,0
23,DFT_CRT,value_scaling_t0,wide,DEoptim,3883,0
23,DFT_CRT,value_scaling_t0,wide,DEoptim,3884,0
23,DFT_CRT,value_scaling_t0,wide,DEoptim,3885,0
23,DFT_CRT,value_scaling_t0,wide,DEoptim,3886,0
23,DFT_CRT,value_scaling_t0,wide,DEoptim,3887,0
23,DFT_CRT,value_scaling_t0,wide,DEoptim,3888,0
23,DFT_CRT,value_scaling_t0,wide,DEoptim,3889,0
23,DFT_CRT,value_scaling_t0,wide,DEoptim,3890,0
23,DFT_CRT,value_scaling_t0,wide,DEoptim,3891,0
23,DFT_CRT,value_scaling_t0,wide,DEoptim,3892,0
23,DFT_CRT,value_scaling_t0,wide,DEoptim,3893,0
23,DFT_CRT,value_scaling_t0,wide,DEoptim,3894,0
23,DFT_CRT,value_scaling_t0,wide,DEoptim,3895,0
23,DFT_CRT,value_scaling_t0,wide,DEoptim,3896,0
23,DFT_CRT,value_scaling_t0,wide,DEoptim,3897,0
23,DFT_CRT,value_scaling_t0,wide,DEoptim,3898,0
23,DFT_CRT,value_scaling_t0,wide,DEoptim,3899,0
23,DFT_CRT,value_scaling_t0,wide,DEoptim,3900,0
23,DFT_CRT,value_scaling_t0,wide,DEoptim,3901,0
23,DFT_CRT,value_scaling_t0,wide,DEoptim,3902,0
23,DFT_CRT,value_scaling_t0,wide,DEoptim,3903,0
23,DFT_CRT,value_scaling_t0,wide,DEoptim,3904,0
23,DFT_CRT,value_scaling_t0,wide,DEoptim,3905,0
23,DFT_CRT,value_scaling_t0,wide,DEoptim,3906,0
23,DFT_CRT,value_scaling_t0,wide,DEoptim,3907,0
23,DFT_CRT,value_scaling_t0,wide,DEoptim,3908,0
23,DFT_CRT,value_scaling_t0,wide,DEoptim,3909,0
23,DFT_CRT,value_scaling_t0,wide,DEoptim,3910,0
23,DFT_CRT,value_scaling_t0,wide,DEoptim,3911,0
23,DFT_CRT,value_scaling_t0,wide,DEoptim,3912,0
23,DFT_CRT,value_scaling_t0,wide,DEoptim,3913,0
23,DFT_CRT,value_scaling_t0,wide,DEoptim,3914,0
23,DFT_CRT,value_scaling_t0,wide,DEoptim,3915,0
23,DFT_CRT,value_scaling_t0,wide,DEoptim,3916,0
23,DFT_CRT,value_scaling_t0,wide,DEoptim,3917,0
23,DFT_CRT,value_scaling_t0,wide,DEoptim,3918,0
23,DFT_CRT,value_scaling_t0,wide,DEoptim,3919,0
23,DFT_CRT,value_scaling_t0,wide,DEoptim,3920,0
23,DFT_CRT,value_scaling_t0,wide,DEoptim,3921,0
23,DFT_CRT,value_scaling_t0,wide,DEoptim,3922,0
23,DFT_CRT,value_scaling_t0,wide,DEoptim,3923,0
23,DFT_CRT,value_scaling_t0,wide,DEoptim,3924,0
23,DFT_CRT,value_scaling_t0,wide,DEoptim,3925,0
23,DFT_CRT,value_scaling_t0,wide,DEoptim,3926,0
23,DFT_CRT,value_scaling_t0,wide,DEoptim,3927,0
23,DFT_CRT,value_scaling_t0,wide,DEoptim,3928,0
23,DFT_CRT,value_scaling_t0,wide,DEoptim,3929,0
23,DFT_CRT,value_scaling_t0,wide,DEoptim,3930,0
23,DFT_CRT,value_scaling_t0,wide,DEoptim,3931,0
23,DFT_CRT,value_scaling_t0,wide,DEoptim,3932,0
23,DFT_CRT,value_scaling_t0,wide,DEoptim,3933,0
23,DFT_CRT,value_scaling_t0,wide,DEoptim,3934,0
23,DFT_CRT,value_scaling_t0,wide,DEoptim,3935,0
23,DFT_CRT,value_scaling_t0,wide,DEoptim,3936,0
23,DFT_CRT,value_scaling_t0,wide,DEoptim,3937,0
23,DFT_CRT,value_scaling_t0,wide,DEoptim,3938,0
23,DFT_CRT,value_scaling_t0,wide,DEoptim,3939,0
23,DFT_CRT,value_scaling_t0,wide,DEoptim,3940,0
23,DFT_CRT,value_scaling_t0,wide,DEoptim,3941,0
23,DFT_CRT,value_scaling_t0,wide,DEoptim,3942,0
23,DFT_CRT,value_scaling_t0,wide,DEoptim,3943,0
23,DFT_CRT,value_scaling_t0,wide,DEoptim,3944,0
23,DFT_CRT,value_scaling_t0,wide,DEoptim,3945,0
23,DFT_CRT,value_scaling_t0,wide,DEoptim,3946,0
23,DFT_CRT,value_scaling_t0,wide,DEoptim,3947,0
23,DFT_CRT,value_scaling_t0,wide,DEoptim,3948,0
23,DFT_CRT,value_scaling_t0,wide,DEoptim,3949,0
23,DFT_CRT,value_scaling_t0,wide,DEoptim,3950,0
23,DFT_CRT,value_scaling_t0,wide,DEoptim,3951,0
23,DFT_CRT,value_scaling_t0,wide,DEoptim,3952,0
23,DFT_CRT,value_scaling_t0,wide,DEoptim,3953,0
23,DFT_CRT,value_scaling_t0,wide,DEoptim,3954,0
23,DFT_CRT,value_scaling_t0,wide,DEoptim,3955,0
23,DFT_CRT,value_scaling_t0,wide,DEoptim,3956,0
23,DFT_CRT,value_scaling_t0,wide,DEoptim,3957,0
23,DFT_CRT,value_scaling_t0,wide,DEoptim,3958,0
23,DFT_CRT,value_scaling_t0,wide,DEoptim,3959,0
23,DFT_CRT,value_scaling_t0,wide,DEoptim,3960,0
23,DFT_CRT,value_scaling_t0,wide,DEoptim,3961,0
23,DFT_CRT,value_scaling_t0,wide,DEoptim,3962,0
23,DFT_CRT,value_scaling_t0,wide,DEoptim,3963,0
23,DFT_CRT,value_scaling_t0,wide,DEoptim,3964,0
23,DFT_CRT,value_scaling_t0,wide,DEoptim,3965,0
23,DFT_CRT,value_scaling_t0,wide,DEoptim,3966,0
23,DFT_CRT,value_scaling_t0,wide,DEoptim,3967,0
23,DFT_CRT,value_scaling_t0,wide,DEoptim,3968,0
23,DFT_CRT,value_scaling_t0,wide,DEoptim,3969,0
23,DFT_CRT,value_scaling_t0,wide,DEoptim,3970,0
23,DFT_CRT,value_scaling_t0,wide,DEoptim,3971,0
23,DFT_CRT,value_scaling_t0,wide,DEoptim,3972,0
23,DFT_CRT,value_scaling_t0,wide,DEoptim,3973,0
23,DFT_CRT,value_scaling_t0,wide,DEoptim,3974,0
23,DFT_CRT,value_scaling_t0,wide,DEoptim,3975,0
23,DFT_CRT,value_scaling_t0,wide,DEoptim,3976,0
23,DFT_CRT,value_scaling_t0,wide,DEoptim,3977,0
23,DFT_CRT,value_scaling_t0,wide,DEoptim,3978,0
23,DFT_CRT,value_scaling_t0,wide,DEoptim,3979,0
23,DFT_CRT,value_scaling_t0,wide,DEoptim,3980,0
23,DFT_CRT,value_scaling_t0,wide,DEoptim,3981,0
23,DFT_CRT,value_scaling_t0,wide,DEoptim,3982,0
23,DFT_CRT,value_scaling_t0,wide,DEoptim,3983,0
23,DFT_CRT,value_scaling_t0,wide,DEoptim,3984,0
23,DFT_CRT,value_scaling_t0,wide,DEoptim,3985,0
23,DFT_CRT,value_scaling_t0,wide,DEoptim,3986,0
23,DFT_CRT,value_scaling_t0,wide,DEoptim,3987,0
23,DFT_CRT,value_scaling_t0,wide,DEoptim,3988,0
23,DFT_CRT,value_scaling_t0,wide,DEoptim,3989,0
23,DFT_CRT,value_scaling_t0,wide,DEoptim,3990,0
23,DFT_CRT,value_scaling_t0,wide,DEoptim,3991,0
23,DFT_CRT,value_scaling_t0,wide,DEoptim,3992,0
23,DFT_CRT,value_scaling_t0,wide,DEoptim,3993,0
23,DFT_CRT,value_scaling_t0,wide,DEoptim,3994,0
23,DFT_CRT,value_scaling_t0,wide,DEoptim,3995,0
23,DFT_CRT,value_scaling_t0,wide,DEoptim,3996,0
23,DFT_CRT,value_scaling_t0,wide,DEoptim,3997,0
23,DFT_CRT,value_scaling_t0,wide,DEoptim,3998,0
23,DFT_CRT,value_scaling_t0,wide,DEoptim,3999,0
23,DFT_CRT,value_scaling_t0,wide,DEoptim,4000,0
23,DFT_CRT,value_scaling_t0,wide,DEoptim,4001,0
23,DFT_CRT,value_scaling_t0,wide,DEoptim,4002,0
23,DFT_CRT,value_scaling_t0,wide,DEoptim,4003,0
23,DFT_CRT,value_scaling_t0,wide,DEoptim,4004,0
23,DFT_CRT,value_scaling_t0,wide,DEoptim,4005,0
23,DFT_CRT,value_scaling_t0,wide,DEoptim,4006,0
23,DFT_CRT,value_scaling_t0,wide,DEoptim,4007,0
23,DFT_CRT,value_scaling_t0,wide,DEoptim,4008,0
23,DFT_CRT,value_scaling_t0,wide,DEoptim,4009,0
23,DFT_CRT,value_scaling_t0,wide,DEoptim,4010,0
23,DFT_CRT,value_scaling_t0,wide,DEoptim,4011,0
23,DFT_CRT,value_scaling_t0,wide,DEoptim,4012,0
23,DFT_CRT,value_scaling_t0,wide,DEoptim,4013,0
23,DFT_CRT,value_scaling_t0,wide,DEoptim,4014,0
23,DFT_CRT,value_scaling_t0,wide,DEoptim,4015,0
23,DFT_CRT,value_scaling_t0,wide,DEoptim,4016,0
23,DFT_CRT,value_scaling_t0,wide,DEoptim,4017,0
23,DFT_CRT,value_scaling_t0,wide,DEoptim,4018,0
23,DFT_CRT,value_scaling_t0,wide,DEoptim,4019,0
23,DFT_CRT,value_scaling_t0,wide,DEoptim,4020,0
23,DFT_CRT,value_scaling_t0,wide,DEoptim,4021,0
23,DFT_CRT,value_scaling_t0,wide,DEoptim,4022,0
23,DFT_CRT,value_scaling_t0,wide,DEoptim,4023,0
23,DFT_CRT,value_scaling_t0,wide,DEoptim,4024,0
23,DFT_CRT,value_scaling_t0,wide,DEoptim,4025,0
23,DFT_CRT,value_scaling_t0,wide,DEoptim,4026,0
23,DFT_CRT,value_scaling_t0,wide,DEoptim,4027,0
23,DFT_CRT,value_scaling_t0,wide,DEoptim,4028,0
23,DFT_CRT,value_scaling_t0,wide,DEoptim,4029,0
23,DFT_CRT,value_scaling_t0,wide,DEoptim,4030,0
23,DFT_CRT,value_scaling_t0,wide,DEoptim,4031,0
23,DFT_CRT,value_scaling_t0,wide,DEoptim,4032,0
23,DFT_CRT,value_scaling_t0,wide,DEoptim,4033,0
23,DFT_CRT,value_scaling_t0,wide,DEoptim,4034,0
23,DFT_CRT,value_scaling_t0,wide,DEoptim,4035,0
23,DFT_CRT,value_scaling_t0,wide,DEoptim,4036,0
23,DFT_CRT,value_scaling_t0,wide,DEoptim,4037,0
23,DFT_CRT,value_scaling_t0,wide,DEoptim,4038,0
23,DFT_CRT,value_scaling_t0,wide,DEoptim,4039,0
23,DFT_CRT,value_scaling_t0,wide,DEoptim,4040,0
23,DFT_CRT,value_scaling_t0,wide,DEoptim,4041,0
23,DFT_CRT,value_scaling_t0,wide,DEoptim,4042,0
23,DFT_CRT,value_scaling_t0,wide,DEoptim,4043,0
23,DFT_CRT,value_scaling_t0,wide,DEoptim,4044,0
23,DFT_CRT,value_scaling_t0,wide,DEoptim,4045,0
23,DFT_CRT,value_scaling_t0,wide,DEoptim,4046,0
23,DFT_CRT,value_scaling_t0,wide,DEoptim,4047,0
23,DFT_CRT,value_scaling_t0,wide,DEoptim,4048,0
23,DFT_CRT,value_scaling_t0,wide,DEoptim,4049,0
23,DFT_CRT,value_scaling_t0,wide,DEoptim,4050,0
23,DFT_CRT,value_scaling_t0,wide,DEoptim,4051,0
23,DFT_CRT,value_scaling_t0,wide,DEoptim,4052,0
23,DFT_CRT,value_scaling_t0,wide,DEoptim,4053,0
23,DFT_CRT,value_scaling_t0,wide,DEoptim,4054,0
23,DFT_CRT,value_scaling_t0,wide,DEoptim,4055,0
23,DFT_CRT,value_scaling_t0,wide,DEoptim,4056,0
23,DFT_CRT,value_scaling_t0,wide,DEoptim,4057,0
23,DFT_CRT,value_scaling_t0,wide,DEoptim,4058,0
23,DFT_CRT,value_scaling_t0,wide,DEoptim,4059,0
23,DFT_CRT,value_scaling_t0,wide,DEoptim,4060,0
23,DFT_CRT,value_scaling_t0,wide,DEoptim,4061,0
23,DFT_CRT,value_scaling_t0,wide,DEoptim,4062,0
23,DFT_CRT,value_scaling_t0,wide,DEoptim,4063,0
23,DFT_CRT,value_scaling_t0,wide,DEoptim,4064,0
23,DFT_CRT,value_scaling_t0,wide,DEoptim,4065,0
23,DFT_CRT,value_scaling_t0,wide,DEoptim,4066,0
23,DFT_CRT,value_scaling_t0,wide,DEoptim,4067,0
23,DFT_CRT,value_scaling_t0,wide,DEoptim,4068,0
23,DFT_CRT,value_scaling_t0,wide,DEoptim,4069,0
23,DFT_CRT,value_scaling_t0,wide,DEoptim,4070,0
23,DFT_CRT,value_scaling_t0,wide,DEoptim,4071,0
23,DFT_CRT,value_scaling_t0,wide,DEoptim,4072,0
23,DFT_CRT,value_scaling_t0,wide,DEoptim,4073,0
23,DFT_CRT,value_scaling_t0,wide,DEoptim,4074,0
23,DFT_CRT,value_scaling_t0,wide,DEoptim,4075,0
23,DFT_CRT,value_scaling_t0,wide,DEoptim,4076,0
23,DFT_CRT,value_scaling_t0,wide,DEoptim,4077,0
23,DFT_CRT,value_scaling_t0,wide,DEoptim,4078,0
23,DFT_CRT,value_scaling_t0,wide,DEoptim,4079,0
23,DFT_CRT,value_scaling_t0,wide,DEoptim,4080,0
23,DFT_CRT,value_scaling_t0,wide,DEoptim,4081,0
23,DFT_CRT,value_scaling_t0,wide,DEoptim,4082,0
23,DFT_CRT,value_scaling_t0,wide,DEoptim,4083,0
23,DFT_CRT,value_scaling_t0,wide,DEoptim,4084,0
23,DFT_CRT,value_scaling_t0,wide,DEoptim,4085,0
23,DFT_CRT,value_scaling_t0,wide,DEoptim,4086,0
23,DFT_CRT,value_scaling_t0,wide,DEoptim,4087,0
23,DFT_CRT,value_scaling_t0,wide,DEoptim,4088,0
23,DFT_CRT,value_scaling_t0,wide,DEoptim,4089,0
23,DFT_CRT,value_scaling_t0,wide,DEoptim,4090,0
23,DFT_CRT,value_scaling_t0,wide,DEoptim,4091,0
23,DFT_CRT,value_scaling_t0,wide,DEoptim,4092,0
23,DFT_CRT,value_scaling_t0,wide,DEoptim,4093,0
23,DFT_CRT,value_scaling_t0,wide,DEoptim,4094,0
23,DFT_CRT,value_scaling_t0,wide,DEoptim,4095,0
23,DFT_CRT,value_scaling_t0,wide,DEoptim,4096,0
23,DFT_CRT,value_scaling_t0,wide,DEoptim,4097,0
23,DFT_CRT,value_scaling_t0,wide,DEoptim,4098,0
23,DFT_CRT,value_scaling_t0,wide,DEoptim,4099,0
23,DFT_CRT,value_scaling_t0,wide,DEoptim,4100,0
23,DFT_CRT,value_scaling_t0,wide,DEoptim,4101,0
23,DFT_CRT,value_scaling_t0,wide,DEoptim,4102,0
23,DFT_CRT,value_scaling_t0,wide,DEoptim,4103,0
23,DFT_CRT,value_scaling_t0,wide,DEoptim,4104,0
23,DFT_CRT,value_scaling_t0,wide,DEoptim,4105,0
23,DFT_CRT,value_scaling_t0,wide,DEoptim,4106,0
23,DFT_CRT,value_scaling_t0,wide,DEoptim,4107,0
23,DFT_CRT,value_scaling_t0,wide,DEoptim,4108,0
23,DFT_CRT,value_scaling_t0,wide,DEoptim,4109,0
23,DFT_CRT,value_scaling_t0,wide,DEoptim,4110,0
23,DFT_CRT,value_scaling_t0,wide,DEoptim,4111,0
23,DFT_CRT,value_scaling_t0,wide,DEoptim,4112,0
23,DFT_CRT,value_scaling_t0,wide,DEoptim,4113,0
23,DFT_CRT,value_scaling_t0,wide,DEoptim,4114,0
23,DFT_CRT,value_scaling_t0,wide,DEoptim,4115,0
23,DFT_CRT,value_scaling_t0,wide,DEoptim,4116,0
23,DFT_CRT,value_scaling_t0,wide,DEoptim,4117,0
23,DFT_CRT,value_scaling_t0,wide,DEoptim,4118,0
23,DFT_CRT,value_scaling_t0,wide,DEoptim,4119,0
23,DFT_CRT,value_scaling_t0,wide,DEoptim,4120,0
23,DFT_CRT,value_scaling_t0,wide,DEoptim,4121,0
23,DFT_CRT,value_scaling_t0,wide,DEoptim,4122,0
23,DFT_CRT,value_scaling_t0,wide,DEoptim,4123,0
23,DFT_CRT,value_scaling_t0,wide,DEoptim,4124,0
23,DFT_CRT,value_scaling_t0,wide,DEoptim,4125,0
23,DFT_CRT,value_scaling_t0,wide,DEoptim,4126,0
23,DFT_CRT,value_scaling_t0,wide,DEoptim,4127,0
23,DFT_CRT,value_scaling_t0,wide,DEoptim,4128,0
23,DFT_CRT,value_scaling_t0,wide,DEoptim,4129,0
23,DFT_CRT,value_scaling_t0,wide,DEoptim,4130,0
23,DFT_CRT,value_scaling_t0,wide,DEoptim,4131,0
23,DFT_CRT,value_scaling_t0,wide,DEoptim,4132,0
23,DFT_CRT,value_scaling_t0,wide,DEoptim,4133,0
23,DFT_CRT,value_scaling_t0,wide,DEoptim,4134,0
23,DFT_CRT,value_scaling_t0,wide,DEoptim,4135,0
23,DFT_CRT,value_scaling_t0,wide,DEoptim,4136,0
23,DFT_CRT,value_scaling_t0,wide,DEoptim,4137,0
23,DFT_CRT,value_scaling_t0,wide,DEoptim,4138,0
23,DFT_CRT,value_scaling_t0,wide,DEoptim,4139,0
23,DFT_CRT,value_scaling_t0,wide,DEoptim,4140,0
23,DFT_CRT,value_scaling_t0,wide,DEoptim,4141,0
23,DFT_CRT,value_scaling_t0,wide,DEoptim,4142,0
23,DFT_CRT,value_scaling_t0,wide,DEoptim,4143,0
23,DFT_CRT,value_scaling_t0,wide,DEoptim,4144,0
23,DFT_CRT,value_scaling_t0,wide,DEoptim,4145,0
23,DFT_CRT,value_scaling_t0,wide,DEoptim,4146,0
23,DFT_CRT,value_scaling_t0,wide,DEoptim,4147,0
23,DFT_CRT,value_scaling_t0,wide,DEoptim,4148,0
23,DFT_CRT,value_scaling_t0,wide,DEoptim,4149,0
23,DFT_CRT,value_scaling_t0,wide,DEoptim,4150,0
23,DFT_CRT,value_scaling_t0,wide,DEoptim,4151,0
23,DFT_CRT,value_scaling_t0,wide,DEoptim,4152,0
23,DFT_CRT,value_scaling_t0,wide,DEoptim,4153,0
23,DFT_CRT,value_scaling_t0,wide,DEoptim,4154,0
23,DFT_CRT,value_scaling_t0,wide,DEoptim,4155,0
23,DFT_CRT,value_scaling_t0,wide,DEoptim,4156,0
23,DFT_CRT,value_scaling_t0,wide,DEoptim,4157,0
23,DFT_CRT,value_scaling_t0,wide,DEoptim,4158,0
23,DFT_CRT,value_scaling_t0,wide,DEoptim,4159,0
23,DFT_CRT,value_scaling_t0,wide,DEoptim,4160,0
23,DFT_CRT,value_scaling_t0,wide,DEoptim,4161,0
23,DFT_CRT,value_scaling_t0,wide,DEoptim,4162,0
23,DFT_CRT,value_scaling_t0,wide,DEoptim,4163,0
23,DFT_CRT,value_scaling_t0,wide,DEoptim,4164,0
23,DFT_CRT,value_scaling_t0,wide,DEoptim,4165,0
23,DFT_CRT,value_scaling_t0,wide,DEoptim,4166,0
23,DFT_CRT,value_scaling_t0,wide,DEoptim,4167,0
23,DFT_CRT,value_scaling_t0,wide,DEoptim,4168,0
23,DFT_CRT,value_scaling_t0,wide,DEoptim,4169,0
23,DFT_CRT,value_scaling_t0,wide,DEoptim,4170,0
23,DFT_CRT,value_scaling_t0,wide,DEoptim,4171,0
23,DFT_CRT,value_scaling_t0,wide,DEoptim,4172,0
23,DFT_CRT,value_scaling_t0,wide,DEoptim,4173,0
23,DFT_CRT,value_scaling_t0,wide,DEoptim,4174,0
23,DFT_CRT,value_scaling_t0,wide,DEoptim,4175,0
23,DFT_CRT,value_scaling_t0,wide,DEoptim,4176,0
23,DFT_CRT,value_scaling_t0,wide,DEoptim,4177,0
23,DFT_CRT,value_scaling_t0,wide,DEoptim,4178,0
23,DFT_CRT,value_scaling_t0,wide,DEoptim,4179,0
23,DFT_CRT,value_scaling_t0,wide,DEoptim,4180,0
23,DFT_CRT,value_scaling_t0,wide,DEoptim,4181,0
23,DFT_CRT,value_scaling_t0,wide,DEoptim,4182,0
23,DFT_CRT,value_scaling_t0,wide,DEoptim,4183,0
23,DFT_CRT,value_scaling_t0,wide,DEoptim,4184,0
23,DFT_CRT,value_scaling_t0,wide,DEoptim,4185,0
23,DFT_CRT,value_scaling_t0,wide,DEoptim,4186,0
23,DFT_CRT,value_scaling_t0,wide,DEoptim,4187,0
23,DFT_CRT,value_scaling_t0,wide,DEoptim,4188,0
23,DFT_CRT,value_scaling_t0,wide,DEoptim,4189,0
23,DFT_CRT,value_scaling_t0,wide,DEoptim,4190,0
23,DFT_CRT,value_scaling_t0,wide,DEoptim,4191,0
23,DFT_CRT,value_scaling_t0,wide,DEoptim,4192,0
23,DFT_CRT,value_scaling_t0,wide,DEoptim,4193,0
23,DFT_CRT,value_scaling_t0,wide,DEoptim,4194,0
23,DFT_CRT,value_scaling_t0,wide,DEoptim,4195,0
23,DFT_CRT,value_scaling_t0,wide,DEoptim,4196,0
23,DFT_CRT,value_scaling_t0,wide,DEoptim,4197,0
23,DFT_CRT,value_scaling_t0,wide,DEoptim,4198,0
23,DFT_CRT,value_scaling_t0,wide,DEoptim,4199,0
23,DFT_CRT,value_scaling_t0,wide,DEoptim,4200,0
23,DFT_CRT,value_scaling_t0,wide,DEoptim,4201,0
23,DFT_CRT,value_scaling_t0,wide,DEoptim,4202,0
23,DFT_CRT,value_scaling_t0,wide,DEoptim,4203,0
23,DFT_CRT,value_scaling_t0,wide,DEoptim,4204,0
23,DFT_CRT,value_scaling_t0,wide,DEoptim,4205,0
23,DFT_CRT,value_scaling_t0,wide,DEoptim,4206,0
23,DFT_CRT,value_scaling_t0,wide,DEoptim,4207,0
23,DFT_CRT,value_scaling_t0,wide,DEoptim,4208,0
23,DFT_CRT,value_scaling_t0,wide,DEoptim,4209,0
23,DFT_CRT,value_scaling_t0,wide,DEoptim,4210,0
23,DFT_CRT,value_scaling_t0,wide,DEoptim,4211,0
23,DFT_CRT,value_scaling_t0,wide,DEoptim,4212,0
23,DFT_CRT,value_scaling_t0,wide,DEoptim,4213,0
23,DFT_CRT,value_scaling_t0,wide,DEoptim,4214,0
23,DFT_CRT,value_scaling_t0,wide,DEoptim,4215,0
23,DFT_CRT,value_scaling_t0,wide,DEoptim,4216,0
23,DFT_CRT,value_scaling_t0,wide,DEoptim,4217,0
23,DFT_CRT,value_scaling_t0,wide,DEoptim,4218,0
23,DFT_CRT,value_scaling_t0,wide,DEoptim,4219,0
23,DFT_CRT,value_scaling_t0,wide,DEoptim,4220,0
23,DFT_CRT,value_scaling_t0,wide,DEoptim,4221,0
23,DFT_CRT,value_scaling_t0,wide,DEoptim,4222,0
23,DFT_CRT,value_scaling_t0,wide,DEoptim,4223,0
23,DFT_CRT,value_scaling_t0,wide,DEoptim,4224,0
23,DFT_CRT,value_scaling_t0,wide,DEoptim,4225,0
23,DFT_CRT,value_scaling_t0,wide,DEoptim,4226,0
23,DFT_CRT,value_scaling_t0,wide,DEoptim,4227,0
23,DFT_CRT,value_scaling_t0,wide,DEoptim,4228,0
23,DFT_CRT,value_scaling_t0,wide,DEoptim,4229,0
23,DFT_CRT,value_scaling_t0,wide,DEoptim,4230,0
23,DFT_CRT,value_scaling_t0,wide,DEoptim,4231,0
23,DFT_CRT,value_scaling_t0,wide,DEoptim,4232,0
23,DFT_CRT,value_scaling_t0,wide,DEoptim,4233,0
23,DFT_CRT,value_scaling_t0,wide,DEoptim,4234,0
23,DFT_CRT,value_scaling_t0,wide,DEoptim,4235,0
23,DFT_CRT,value_scaling_t0,wide,DEoptim,4236,0
23,DFT_CRT,value_scaling_t0,wide,DEoptim,4237,0
23,DFT_CRT,value_scaling_t0,wide,DEoptim,4238,0
23,DFT_CRT,value_scaling_t0,wide,DEoptim,4239,0
23,DFT_CRT,value_scaling_t0,wide,DEoptim,4240,0
23,DFT_CRT,value_scaling_t0,wide,DEoptim,4241,0
23,DFT_CRT,value_scaling_t0,wide,DEoptim,4242,0
23,DFT_CRT,value_scaling_t0,wide,DEoptim,4243,0
23,DFT_CRT,value_scaling_t0,wide,DEoptim,4244,0
23,DFT_CRT,value_scaling_t0,wide,DEoptim,4245,0
23,DFT_CRT,value_scaling_t0,wide,DEoptim,4246,0
23,DFT_CRT,value_scaling_t0,wide,DEoptim,4247,0
23,DFT_CRT,value_scaling_t0,wide,DEoptim,4248,0
23,DFT_CRT,value_scaling_t0,wide,DEoptim,4249,0
23,DFT_CRT,value_scaling_t0,wide,DEoptim,4250,0
23,DFT_CRT,value_scaling_t0,wide,DEoptim,4251,0
23,DFT_CRT,value_scaling_t0,wide,DEoptim,4252,0
23,DFT_CRT,value_scaling_t0,wide,DEoptim,4253,0
23,DFT_CRT,value_scaling_t0,wide,DEoptim,4254,0
23,DFT_CRT,value_scaling_t0,wide,DEoptim,4255,0
23,DFT_CRT,value_scaling_t0,wide,DEoptim,4256,0
23,DFT_CRT,value_scaling_t0,wide,DEoptim,4257,0
23,DFT_CRT,value_scaling_t0,wide,DEoptim,4258,0
23,DFT_CRT,value_scaling_t0,wide,DEoptim,4259,0
23,DFT_CRT,value_scaling_t0,wide,DEoptim,4260,0
23,DFT_CRT,value_scaling_t0,wide,DEoptim,4261,0
23,DFT_CRT,value_scaling_t0,wide,DEoptim,4262,0
23,DFT_CRT,value_scaling_t0,wide,DEoptim,4263,0
23,DFT_CRT,value_scaling_t0,wide,DEoptim,4264,0
23,DFT_CRT,value_scaling_t0,wide,DEoptim,4265,0
23,DFT_CRT,value_scaling_t0,wide,DEoptim,4266,0
23,DFT_CRT,value_scaling_t0,wide,DEoptim,4267,0
23,DFT_CRT,value_scaling_t0,wide,DEoptim,4268,0
23,DFT_CRT,value_scaling_t0,wide,DEoptim,4269,0
23,DFT_CRT,value_scaling_t0,wide,DEoptim,4270,0
23,DFT_CRT,value_scaling_t0,wide,DEoptim,4271,0
23,DFT_CRT,value_scaling_t0,wide,DEoptim,4272,0
23,DFT_CRT,value_scaling_t0,wide,DEoptim,4273,0
23,DFT_CRT,value_scaling_t0,wide,DEoptim,4274,0
23,DFT_CRT,value_scaling_t0,wide,DEoptim,4275,0
23,DFT_CRT,value_scaling_t0,wide,DEoptim,4276,0
23,DFT_CRT,value_scaling_t0,wide,DEoptim,4277,0
23,DFT_CRT,value_scaling_t0,wide,DEoptim,4278,0
23,DFT_CRT,value_scaling_t0,wide,DEoptim,4279,0
23,DFT_CRT,value_scaling_t0,wide,DEoptim,4280,0
23,DFT_CRT,value_scaling_t0,wide,DEoptim,4281,0
23,DFT_CRT,value_scaling_t0,wide,DEoptim,4282,0
23,DFT_CRT,value_scaling_t0,wide,DEoptim,4283,0
23,DFT_CRT,value_scaling_t0,wide,DEoptim,4284,0
23,DFT_CRT,value_scaling_t0,wide,DEoptim,4285,0
23,DFT_CRT,value_scaling_t0,wide,DEoptim,4286,0
23,DFT_CRT,value_scaling_t0,wide,DEoptim,4287,0
23,DFT_CRT,value_scaling_t0,wide,DEoptim,4288,0
23,DFT_CRT,value_scaling_t0,wide,DEoptim,4289,0
23,DFT_CRT,value_scaling_t0,wide,DEoptim,4290,0
23,DFT_CRT,value_scaling_t0,wide,DEoptim,4291,0
23,DFT_CRT,value_scaling_t0,wide,DEoptim,4292,0
23,DFT_CRT,value_scaling_t0,wide,DEoptim,4293,0
23,DFT_CRT,value_scaling_t0,wide,DEoptim,4294,0
23,DFT_CRT,value_scaling_t0,wide,DEoptim,4295,0
23,DFT_CRT,value_scaling_t0,wide,DEoptim,4296,0
23,DFT_CRT,value_scaling_t0,wide,DEoptim,4297,0
23,DFT_CRT,value_scaling_t0,wide,DEoptim,4298,0
23,DFT_CRT,value_scaling_t0,wide,DEoptim,4299,0
23,DFT_CRT,value_scaling_t0,wide,DEoptim,4300,0
23,DFT_CRT,value_scaling_t0,wide,DEoptim,4301,0
23,DFT_CRT,value_scaling_t0,wide,DEoptim,4302,0
23,DFT_CRT,value_scaling_t0,wide,DEoptim,4303,0
23,DFT_CRT,value_scaling_t0,wide,DEoptim,4304,0
23,DFT_CRT,value_scaling_t0,wide,DEoptim,4305,0
23,DFT_CRT,value_scaling_t0,wide,DEoptim,4306,0
23,DFT_CRT,value_scaling_t0,wide,DEoptim,4307,0
23,DFT_CRT,value_scaling_t0,wide,DEoptim,4308,0
23,DFT_CRT,value_scaling_t0,wide,DEoptim,4309,0
23,DFT_CRT,value_scaling_t0,wide,DEoptim,4310,0
23,DFT_CRT,value_scaling_t0,wide,DEoptim,4311,0
23,DFT_CRT,value_scaling_t0,wide,DEoptim,4312,0
23,DFT_CRT,value_scaling_t0,wide,DEoptim,4313,0
23,DFT_CRT,value_scaling_t0,wide,DEoptim,4314,0
23,DFT_CRT,value_scaling_t0,wide,DEoptim,4315,0
23,DFT_CRT,value_scaling_t0,wide,DEoptim,4316,0
23,DFT_CRT,value_scaling_t0,wide,DEoptim,4317,0
23,DFT_CRT,value_scaling_t0,wide,DEoptim,4318,0
23,DFT_CRT,value_scaling_t0,wide,DEoptim,4319,0
23,DFT_CRT,value_scaling_t0,wide,DEoptim,4320,0
23,DFT_CRT,value_scaling_t0,wide,DEoptim,4321,0
23,DFT_CRT,value_scaling_t0,wide,DEoptim,4322,0
23,DFT_CRT,value_scaling_t0,wide,DEoptim,4323,0
23,DFT_CRT,value_scaling_t0,wide,DEoptim,4324,0
23,DFT_CRT,value_scaling_t0,wide,DEoptim,4325,0
23,DFT_CRT,value_scaling_t0,wide,DEoptim,4326,0
23,DFT_CRT,value_scaling_t0,wide,DEoptim,4327,0
23,DFT_CRT,value_scaling_t0,wide,DEoptim,4328,0
23,DFT_CRT,value_scaling_t0,wide,DEoptim,4329,0
23,DFT_CRT,value_scaling_t0,wide,DEoptim,4330,0
23,DFT_CRT,value_scaling_t0,wide,DEoptim,4331,0
23,DFT_CRT,value_scaling_t0,wide,DEoptim,4332,0
23,DFT_CRT,value_scaling_t0,wide,DEoptim,4333,0
23,DFT_CRT,value_scaling_t0,wide,DEoptim,4334,0
23,DFT_CRT,value_scaling_t0,wide,DEoptim,4335,0
23,DFT_CRT,value_scaling_t0,wide,DEoptim,4336,0
23,DFT_CRT,value_scaling_t0,wide,DEoptim,4337,0
23,DFT_CRT,value_scaling_t0,wide,DEoptim,4338,0
23,DFT_CRT,value_scaling_t0,wide,DEoptim,4339,0
23,DFT_CRT,value_scaling_t0,wide,DEoptim,4340,0
23,DFT_CRT,value_scaling_t0,wide,DEoptim,4341,0
23,DFT_CRT,value_scaling_t0,wide,DEoptim,4342,0
23,DFT_CRT,value_scaling_t0,wide,DEoptim,4343,0
23,DFT_CRT,value_scaling_t0,wide,DEoptim,4344,0
23,DFT_CRT,value_scaling_t0,wide,DEoptim,4345,0
23,DFT_CRT,value_scaling_t0,wide,DEoptim,4346,0
23,DFT_CRT,value_scaling_t0,wide,DEoptim,4347,0
23,DFT_CRT,value_scaling_t0,wide,DEoptim,4348,0
23,DFT_CRT,value_scaling_t0,wide,DEoptim,4349,0
23,DFT_CRT,value_scaling_t0,wide,DEoptim,4350,0
23,DFT_CRT,value_scaling_t0,wide,DEoptim,4351,0
23,DFT_CRT,value_scaling_t0,wide,DEoptim,4352,0
23,DFT_CRT,value_scaling_t0,wide,DEoptim,4353,0
23,DFT_CRT,value_scaling_t0,wide,DEoptim,4354,0
23,DFT_CRT,value_scaling_t0,wide,DEoptim,4355,0
23,DFT_CRT,value_scaling_t0,wide,DEoptim,4356,0
23,DFT_CRT,value_scaling_t0,wide,DEoptim,4357,0
23,DFT_CRT,value_scaling_t0,wide,DEoptim,4358,0
23,DFT_CRT,value_scaling_t0,wide,DEoptim,4359,0
23,DFT_CRT,value_scaling_t0,wide,DEoptim,4360,0
23,DFT_CRT,value_scaling_t0,wide,DEoptim,4361,0
23,DFT_CRT,value_scaling_t0,wide,DEoptim,4362,0
23,DFT_CRT,value_scaling_t0,wide,DEoptim,4363,0
23,DFT_CRT,value_scaling_t0,wide,DEoptim,4364,0
23,DFT_CRT,value_scaling_t0,wide,DEoptim,4365,0
23,DFT_CRT,value_scaling_t0,wide,DEoptim,4366,0
23,DFT_CRT,value_scaling_t0,wide,DEoptim,4367,0
23,DFT_CRT,value_scaling_t0,wide,DEoptim,4368,0
23,DFT_CRT,value_scaling_t0,wide,DEoptim,4369,0
23,DFT_CRT,value_scaling_t0,wide,DEoptim,4370,0
23,DFT_CRT,value_scaling_t0,wide,DEoptim,4371,0
23,DFT_CRT,value_scaling_t0,wide,DEoptim,4372,0
23,DFT_CRT,value_scaling_t0,wide,DEoptim,4373,0
23,DFT_CRT,value_scaling_t0,wide,DEoptim,4374,0
23,DFT_CRT,value_scaling_t0,wide,DEoptim,4375,0
23,DFT_CRT,value_scaling_t0,wide,DEoptim,4376,0
23,DFT_CRT,value_scaling_t0,wide,DEoptim,4377,0
23,DFT_CRT,value_scaling_t0,wide,DEoptim,4378,0
23,DFT_CRT,value_scaling_t0,wide,DEoptim,4379,0
23,DFT_CRT,value_scaling_t0,wide,DEoptim,4380,0
23,DFT_CRT,value_scaling_t0,wide,DEoptim,4381,0
23,DFT_CRT,value_scaling_t0,wide,DEoptim,4382,0
23,DFT_CRT,value_scaling_t0,wide,DEoptim,4383,0
23,DFT_CRT,value_scaling_t0,wide,DEoptim,4384,0
23,DFT_CRT,value_scaling_t0,wide,DEoptim,4385,0
23,DFT_CRT,value_scaling_t0,wide,DEoptim,4386,0
23,DFT_CRT,value_scaling_t0,wide,DEoptim,4387,0
23,DFT_CRT,value_scaling_t0,wide,DEoptim,4388,0
23,DFT_CRT,value_scaling_t0,wide,DEoptim,4389,0
23,DFT_CRT,value_scaling_t0,wide,DEoptim,4390,0
23,DFT_CRT,value_scaling_t0,wide,DEoptim,4391,0
23,DFT_CRT,value_scaling_t0,wide,DEoptim,4392,0
23,DFT_CRT,value_scaling_t0,wide,DEoptim,4393,0
23,DFT_CRT,value_scaling_t0,wide,DEoptim,4394,0
23,DFT_CRT,value_scaling_t0,wide,DEoptim,4395,0
23,DFT_CRT,value_scaling_t0,wide,DEoptim,4396,0
23,DFT_CRT,value_scaling_t0,wide,DEoptim,4397,0
23,DFT_CRT,value_scaling_t0,wide,DEoptim,4398,0
23,DFT_CRT,value_scaling_t0,wide,DEoptim,4399,0
23,DFT_CRT,value_scaling_t0,wide,DEoptim,4400,0
23,DFT_CRT,value_scaling_t0,wide,DEoptim,4401,0
23,DFT_CRT,value_scaling_t0,wide,DEoptim,4402,0
23,DFT_CRT,value_scaling_t0,wide,DEoptim,4403,0
23,DFT_CRT,value_scaling_t0,wide,DEoptim,4404,0
23,DFT_CRT,value_scaling_t0,wide,DEoptim,4405,0
23,DFT_CRT,value_scaling_t0,wide,DEoptim,4406,0
23,DFT_CRT,value_scaling_t0,wide,DEoptim,4407,0
23,DFT_CRT,value_scaling_t0,wide,DEoptim,4408,0
23,DFT_CRT,value_scaling_t0,wide,DEoptim,4409,0
23,DFT_CRT,value_scaling_t0,wide,DEoptim,4410,0
23,DFT_CRT,value_scaling_t0,wide,DEoptim,4411,0
23,DFT_CRT,value_scaling_t0,wide,DEoptim,4412,0
23,DFT_CRT,value_scaling_t0,wide,DEoptim,4413,0
23,DFT_CRT,value_scaling_t0,wide,DEoptim,4414,0
23,DFT_CRT,value_scaling_t0,wide,DEoptim,4415,0
23,DFT_CRT,value_scaling_t0,wide,DEoptim,4416,0
23,DFT_CRT,value_scaling_t0,wide,DEoptim,4417,0
23,DFT_CRT,value_scaling_t0,wide,DEoptim,4418,0
23,DFT_CRT,value_scaling_t0,wide,DEoptim,4419,0
23,DFT_CRT,value_scaling_t0,wide,DEoptim,4420,0
23,DFT_CRT,value_scaling_t0,wide,DEoptim,4421,0
23,DFT_CRT,value_scaling_t0,wide,DEoptim,4422,0
23,DFT_CRT,value_scaling_t0,wide,DEoptim,4423,0
23,DFT_CRT,value_scaling_t0,wide,DEoptim,4424,0
23,DFT_CRT,value_scaling_t0,wide,DEoptim,4425,0
23,DFT_CRT,value_scaling_t0,wide,DEoptim,4426,0
23,DFT_CRT,value_scaling_t0,wide,DEoptim,4427,0
23,DFT_CRT,value_scaling_t0,wide,DEoptim,4428,0
23,DFT_CRT,value_scaling_t0,wide,DEoptim,4429,0
23,DFT_CRT,value_scaling_t0,wide,DEoptim,4430,0
23,DFT_CRT,value_scaling_t0,wide,DEoptim,4431,0
23,DFT_CRT,value_scaling_t0,wide,DEoptim,4432,0
23,DFT_CRT,value_scaling_t0,wide,DEoptim,4433,0
23,DFT_CRT,value_scaling_t0,wide,DEoptim,4434,0
23,DFT_CRT,value_scaling_t0,wide,DEoptim,4435,0
23,DFT_CRT,value_scaling_t0,wide,DEoptim,4436,0
23,DFT_CRT,value_scaling_t0,wide,DEoptim,4437,0
23,DFT_CRT,value_scaling_t0,wide,DEoptim,4438,0
23,DFT_CRT,value_scaling_t0,wide,DEoptim,4439,0
23,DFT_CRT,value_scaling_t0,wide,DEoptim,4440,0
23,DFT_CRT,value_scaling_t0,wide,DEoptim,4441,0
23,DFT_CRT,value_scaling_t0,wide,DEoptim,4442,0
23,DFT_CRT,value_scaling_t0,wide,DEoptim,4443,0
23,DFT_CRT,value_scaling_t0,wide,DEoptim,4444,0
23,DFT_CRT,value_scaling_t0,wide,DEoptim,4445,0
23,DFT_CRT,value_scaling_t0,wide,DEoptim,4446,0
23,DFT_CRT,value_scaling_t0,wide,DEoptim,4447,0
23,DFT_CRT,value_scaling_t0,wide,DEoptim,4448,0
23,DFT_CRT,value_scaling_t0,wide,DEoptim,4449,0
23,DFT_CRT,value_scaling_t0,wide,DEoptim,4450,0
23,DFT_CRT,value_scaling_t0,wide,DEoptim,4451,0
23,DFT_CRT,value_scaling_t0,wide,DEoptim,4452,0
23,DFT_CRT,value_scaling_t0,wide,DEoptim,4453,0
23,DFT_CRT,value_scaling_t0,wide,DEoptim,4454,0
23,DFT_CRT,value_scaling_t0,wide,DEoptim,4455,0
23,DFT_CRT,value_scaling_t0,wide,DEoptim,4456,0
23,DFT_CRT,value_scaling_t0,wide,DEoptim,4457,0
23,DFT_CRT,value_scaling_t0,wide,DEoptim,4458,0
23,DFT_CRT,value_scaling_t0,wide,DEoptim,4459,0
23,DFT_CRT,value_scaling_t0,wide,DEoptim,4460,0
23,DFT_CRT,value_scaling_t0,wide,DEoptim,4461,0
23,DFT_CRT,value_scaling_t0,wide,DEoptim,4462,0
23,DFT_CRT,value_scaling_t0,wide,DEoptim,4463,0
23,DFT_CRT,value_scaling_t0,wide,DEoptim,4464,0
23,DFT_CRT,value_scaling_t0,wide,DEoptim,4465,0
23,DFT_CRT,value_scaling_t0,wide,DEoptim,4466,0
23,DFT_CRT,value_scaling_t0,wide,DEoptim,4467,0
23,DFT_CRT,value_scaling_t0,wide,DEoptim,4468,0
23,DFT_CRT,value_scaling_t0,wide,DEoptim,4469,0
23,DFT_CRT,value_scaling_t0,wide,DEoptim,4470,0
23,DFT_CRT,value_scaling_t0,wide,DEoptim,4471,0
23,DFT_CRT,value_scaling_t0,wide,DEoptim,4472,0
23,DFT_CRT,value_scaling_t0,wide,DEoptim,4473,0
23,DFT_CRT,value_scaling_t0,wide,DEoptim,4474,0
23,DFT_CRT,value_scaling_t0,wide,DEoptim,4475,0
23,DFT_CRT,value_scaling_t0,wide,DEoptim,4476,0
23,DFT_CRT,value_scaling_t0,wide,DEoptim,4477,0
23,DFT_CRT,value_scaling_t0,wide,DEoptim,4478,0
23,DFT_CRT,value_scaling_t0,wide,DEoptim,4479,0
23,DFT_CRT,value_scaling_t0,wide,DEoptim,4480,0
23,DFT_CRT,value_scaling_t0,wide,DEoptim,4481,0
23,DFT_CRT,value_scaling_t0,wide,DEoptim,4482,0
23,DFT_CRT,value_scaling_t0,wide,DEoptim,4483,0
23,DFT_CRT,value_scaling_t0,wide,DEoptim,4484,0
23,DFT_CRT,value_scaling_t0,wide,DEoptim,4485,0
23,DFT_CRT,value_scaling_t0,wide,DEoptim,4486,0
23,DFT_CRT,value_scaling_t0,wide,DEoptim,4487,0
23,DFT_CRT,value_scaling_t0,wide,DEoptim,4488,0
23,DFT_CRT,value_scaling_t0,wide,DEoptim,4489,0
23,DFT_CRT,value_scaling_t0,wide,DEoptim,4490,0
23,DFT_CRT,value_scaling_t0,wide,DEoptim,4491,0
23,DFT_CRT,value_scaling_t0,wide,DEoptim,4492,0
23,DFT_CRT,value_scaling_t0,wide,DEoptim,4493,0
23,DFT_CRT,value_scaling_t0,wide,DEoptim,4494,0
23,DFT_CRT,value_scaling_t0,wide,DEoptim,4495,0
23,DFT_CRT,value_scaling_t0,wide,DEoptim,4496,0
23,DFT_CRT,value_scaling_t0,wide,DEoptim,4497,0
23,DFT_CRT,value_scaling_t0,wide,DEoptim,4498,0
23,DFT_CRT,value_scaling_t0,wide,DEoptim,4499,0
23,DFT_CRT,value_scaling_t0,wide,DEoptim,4500,0
23,DFT_CRT,value_scaling_t0,wide,DEoptim,4501,0
23,DFT_CRT,value_scaling_t0,wide,DEoptim,4502,0
23,DFT_CRT,value_scaling_t0,wide,DEoptim,4503,0
23,DFT_CRT,value_scaling_t0,wide,DEoptim,4504,0
23,DFT_CRT,value_scaling_t0,wide,DEoptim,4505,0
23,DFT_CRT,value_scaling_t0,wide,DEoptim,4506,0
23,DFT_CRT,value_scaling_t0,wide,DEoptim,4507,0
23,DFT_CRT,value_scaling_t0,wide,DEoptim,4508,0
23,DFT_CRT,value_scaling_t0,wide,DEoptim,4509,0
23,DFT_CRT,value_scaling_t0,wide,DEoptim,4510,0
23,DFT_CRT,value_scaling_t0,wide,DEoptim,4511,0
23,DFT_CRT,value_scaling_t0,wide,DEoptim,4512,0
23,DFT_CRT,value_scaling_t0,wide,DEoptim,4513,0
23,DFT_CRT,value_scaling_t0,wide,DEoptim,4514,0
23,DFT_CRT,value_scaling_t0,wide,DEoptim,4515,0
23,DFT_CRT,value_scaling_t0,wide,DEoptim,4516,0
23,DFT_CRT,value_scaling_t0,wide,DEoptim,4517,0
23,DFT_CRT,value_scaling_t0,wide,DEoptim,4518,0
23,DFT_CRT,value_scaling_t0,wide,DEoptim,4519,0
23,DFT_CRT,value_scaling_t0,wide,DEoptim,4520,0
23,DFT_CRT,value_scaling_t0,wide,DEoptim,4521,0
23,DFT_CRT,value_scaling_t0,wide,DEoptim,4522,0
23,DFT_CRT,value_scaling_t0,wide,DEoptim,4523,0
23,DFT_CRT,value_scaling_t0,wide,DEoptim,4524,0
23,DFT_CRT,value_scaling_t0,wide,DEoptim,4525,0
23,DFT_CRT,value_scaling_t0,wide,DEoptim,4526,0
23,DFT_CRT,value_scaling_t0,wide,DEoptim,4527,0
23,DFT_CRT,value_scaling_t0,wide,DEoptim,4528,0
23,DFT_CRT,value_scaling_t0,wide,DEoptim,4529,0
23,DFT_CRT,value_scaling_t0,wide,DEoptim,4530,0
23,DFT_CRT,value_scaling_t0,wide,DEoptim,4531,0
23,DFT_CRT,value_scaling_t0,wide,DEoptim,4532,0
23,DFT_CRT,value_scaling_t0,wide,DEoptim,4533,0
23,DFT_CRT,value_scaling_t0,wide,DEoptim,4534,0
23,DFT_CRT,value_scaling_t0,wide,DEoptim,4535,0
23,DFT_CRT,value_scaling_t0,wide,DEoptim,4536,0
23,DFT_CRT,value_scaling_t0,wide,DEoptim,4537,0
23,DFT_CRT,value_scaling_t0,wide,DEoptim,4538,0
23,DFT_CRT,value_scaling_t0,wide,DEoptim,4539,0
23,DFT_CRT,value_scaling_t0,wide,DEoptim,4540,0
23,DFT_CRT,value_scaling_t0,wide,DEoptim,4541,0
23,DFT_CRT,value_scaling_t0,wide,DEoptim,4542,0
23,DFT_CRT,value_scaling_t0,wide,DEoptim,4543,0
23,DFT_CRT,value_scaling_t0,wide,DEoptim,4544,0
23,DFT_CRT,value_scaling_t0,wide,DEoptim,4545,0
23,DFT_CRT,value_scaling_t0,wide,DEoptim,4546,0
23,DFT_CRT,value_scaling_t0,wide,DEoptim,4547,0
23,DFT_CRT,value_scaling_t0,wide,DEoptim,4548,0
23,DFT_CRT,value_scaling_t0,wide,DEoptim,4549,0
23,DFT_CRT,value_scaling_t0,wide,DEoptim,4550,0
23,DFT_CRT,value_scaling_t0,wide,DEoptim,4551,0
23,DFT_CRT,value_scaling_t0,wide,DEoptim,4552,0
23,DFT_CRT,value_scaling_t0,wide,DEoptim,4553,0
23,DFT_CRT,value_scaling_t0,wide,DEoptim,4554,0
23,DFT_CRT,value_scaling_t0,wide,DEoptim,4555,0
23,DFT_CRT,value_scaling_t0,wide,DEoptim,4556,0
23,DFT_CRT,value_scaling_t0,wide,DEoptim,4557,0
23,DFT_CRT,value_scaling_t0,wide,DEoptim,4558,0
23,DFT_CRT,value_scaling_t0,wide,DEoptim,4559,0
23,DFT_CRT,value_scaling_t0,wide,DEoptim,4560,0
23,DFT_CRT,value_scaling_t0,wide,DEoptim,4561,0
23,DFT_CRT,value_scaling_t0,wide,DEoptim,4562,0
23,DFT_CRT,value_scaling_t0,wide,DEoptim,4563,0
23,DFT_CRT,value_scaling_t0,wide,DEoptim,4564,0
23,DFT_CRT,value_scaling_t0,wide,DEoptim,4565,0
23,DFT_CRT,value_scaling_t0,wide,DEoptim,4566,0
23,DFT_CRT,value_scaling_t0,wide,DEoptim,4567,0
23,DFT_CRT,value_scaling_t0,wide,DEoptim,4568,0
23,DFT_CRT,value_scaling_t0,wide,DEoptim,4569,0
23,DFT_CRT,value_scaling_t0,wide,DEoptim,4570,0
23,DFT_CRT,value_scaling_t0,wide,DEoptim,4571,0
23,DFT_CRT,value_scaling_t0,wide,DEoptim,4572,0
23,DFT_CRT,value_scaling_t0,wide,DEoptim,4573,0
23,DFT_CRT,value_scaling_t0,wide,DEoptim,4574,0
23,DFT_CRT,value_scaling_t0,wide,DEoptim,4575,0
23,DFT_CRT,value_scaling_t0,wide,DEoptim,4576,0
23,DFT_CRT,value_scaling_t0,wide,DEoptim,4577,0
23,DFT_CRT,value_scaling_t0,wide,DEoptim,4578,0
23,DFT_CRT,value_scaling_t0,wide,DEoptim,4579,0
23,DFT_CRT,value_scaling_t0,wide,DEoptim,4580,0
23,DFT_CRT,value_scaling_t0,wide,DEoptim,4581,0
23,DFT_CRT,value_scaling_t0,wide,DEoptim,4582,0
23,DFT_CRT,value_scaling_t0,wide,DEoptim,4583,0
23,DFT_CRT,value_scaling_t0,wide,DEoptim,4584,0
23,DFT_CRT,value_scaling_t0,wide,DEoptim,4585,0
23,DFT_CRT,value_scaling_t0,wide,DEoptim,4586,0
23,DFT_CRT,value_scaling_t0,wide,DEoptim,4587,0
23,DFT_CRT,value_scaling_t0,wide,DEoptim,4588,0
23,DFT_CRT,value_scaling_t0,wide,DEoptim,4589,0
23,DFT_CRT,value_scaling_t0,wide,DEoptim,4590,0
23,DFT_CRT,value_scaling_t0,wide,DEoptim,4591,0
23,DFT_CRT,value_scaling_t0,wide,DEoptim,4592,0
23,DFT_CRT,value_scaling_t0,wide,DEoptim,4593,0
23,DFT_CRT,value_scaling_t0,wide,DEoptim,4594,0
23,DFT_CRT,value_scaling_t0,wide,DEoptim,4595,0
23,DFT_CRT,value_scaling_t0,wide,DEoptim,4596,0
23,DFT_CRT,value_scaling_t0,wide,DEoptim,4597,0
23,DFT_CRT,value_scaling_t0,wide,DEoptim,4598,0
23,DFT_CRT,value_scaling_t0,wide,DEoptim,4599,0
23,DFT_CRT,value_scaling_t0,wide,DEoptim,4600,0
23,DFT_CRT,value_scaling_t0,wide,DEoptim,4601,0
23,DFT_CRT,value_scaling_t0,wide,DEoptim,4602,0
23,DFT_CRT,value_scaling_t0,wide,DEoptim,4603,0
23,DFT_CRT,value_scaling_t0,wide,DEoptim,4604,0
23,DFT_CRT,value_scaling_t0,wide,DEoptim,4605,0
23,DFT_CRT,value_scaling_t0,wide,DEoptim,4606,0
23,DFT_CRT,value_scaling_t0,wide,DEoptim,4607,0
23,DFT_CRT,value_scaling_t0,wide,DEoptim,4608,0
23,DFT_CRT,value_scaling_t0,wide,DEoptim,4609,0
23,DFT_CRT,value_scaling_t0,wide,DEoptim,4610,0
23,DFT_CRT,value_scaling_t0,wide,DEoptim,4611,0
23,DFT_CRT,value_scaling_t0,wide,DEoptim,4612,0
23,DFT_CRT,value_scaling_t0,wide,DEoptim,4613,0
23,DFT_CRT,value_scaling_t0,wide,DEoptim,4614,0
23,DFT_CRT,value_scaling_t0,wide,DEoptim,4615,0
23,DFT_CRT,value_scaling_t0,wide,DEoptim,4616,0
23,DFT_CRT,value_scaling_t0,wide,DEoptim,4617,0
23,DFT_CRT,value_scaling_t0,wide,DEoptim,4618,0
23,DFT_CRT,value_scaling_t0,wide,DEoptim,4619,0
23,DFT_CRT,value_scaling_t0,wide,DEoptim,4620,0
23,DFT_CRT,value_scaling_t0,wide,DEoptim,4621,0
23,DFT_CRT,value_scaling_t0,wide,DEoptim,4622,0
23,DFT_CRT,value_scaling_t0,wide,DEoptim,4623,0
23,DFT_CRT,value_scaling_t0,wide,DEoptim,4624,0
23,DFT_CRT,value_scaling_t0,wide,DEoptim,4625,0
23,DFT_CRT,value_scaling_t0,wide,DEoptim,4626,0
23,DFT_CRT,value_scaling_t0,wide,DEoptim,4627,0
23,DFT_CRT,value_scaling_t0,wide,DEoptim,4628,0
23,DFT_CRT,value_scaling_t0,wide,DEoptim,4629,0
23,DFT_CRT,value_scaling_t0,wide,DEoptim,4630,0
23,DFT_CRT,value_scaling_t0,wide,DEoptim,4631,0
23,DFT_CRT,value_scaling_t0,wide,DEoptim,4632,0
23,DFT_CRT,value_scaling_t0,wide,DEoptim,4633,0
23,DFT_CRT,value_scaling_t0,wide,DEoptim,4634,0
23,DFT_CRT,value_scaling_t0,wide,DEoptim,4635,0
23,DFT_CRT,value_scaling_t0,wide,DEoptim,4636,0
23,DFT_CRT,value_scaling_t0,wide,DEoptim,4637,0
23,DFT_CRT,value_scaling_t0,wide,DEoptim,4638,0
23,DFT_CRT,value_scaling_t0,wide,DEoptim,4639,0
23,DFT_CRT,value_scaling_t0,wide,DEoptim,4640,0
23,DFT_CRT,value_scaling_t0,wide,DEoptim,4641,0
23,DFT_CRT,value_scaling_t0,wide,DEoptim,4642,0
23,DFT_CRT,value_scaling_t0,wide,DEoptim,4643,0
23,DFT_CRT,value_scaling_t0,wide,DEoptim,4644,0
23,DFT_CRT,value_scaling_t0,wide,DEoptim,4645,0
23,DFT_CRT,value_scaling_t0,wide,DEoptim,4646,0
23,DFT_CRT,value_scaling_t0,wide,DEoptim,4647,0
23,DFT_CRT,value_scaling_t0,wide,DEoptim,4648,0
23,DFT_CRT,value_scaling_t0,wide,DEoptim,4649,0
23,DFT_CRT,value_scaling_t0,wide,DEoptim,4650,0
23,DFT_CRT,value_scaling_t0,wide,DEoptim,4651,0
23,DFT_CRT,value_scaling_t0,wide,DEoptim,4652,0
23,DFT_CRT,value_scaling_t0,wide,DEoptim,4653,0
23,DFT_CRT,value_scaling_t0,wide,DEoptim,4654,0
23,DFT_CRT,value_scaling_t0,wide,DEoptim,4655,0
23,DFT_CRT,value_scaling_t0,wide,DEoptim,4656,0
23,DFT_CRT,value_scaling_t0,wide,DEoptim,4657,0
23,DFT_CRT,value_scaling_t0,wide,DEoptim,4658,0
23,DFT_CRT,value_scaling_t0,wide,DEoptim,4659,0
23,DFT_CRT,value_scaling_t0,wide,DEoptim,4660,0
23,DFT_CRT,value_scaling_t0,wide,DEoptim,4661,0
23,DFT_CRT,value_scaling_t0,wide,DEoptim,4662,0
23,DFT_CRT,value_scaling_t0,wide,DEoptim,4663,0
23,DFT_CRT,value_scaling_t0,wide,DEoptim,4664,0
23,DFT_CRT,value_scaling_t0,wide,DEoptim,4665,0
23,DFT_CRT,value_scaling_t0,wide,DEoptim,4666,0
23,DFT_CRT,value_scaling_t0,wide,DEoptim,4667,0
23,DFT_CRT,value_scaling_t0,wide,DEoptim,4668,0
23,DFT_CRT,value_scaling_t0,wide,DEoptim,4669,0
23,DFT_CRT,value_scaling_t0,wide,DEoptim,4670,0
23,DFT_CRT,value_scaling_t0,wide,DEoptim,4671,0
23,DFT_CRT,value_scaling_t0,wide,DEoptim,4672,0
23,DFT_CRT,value_scaling_t0,wide,DEoptim,4673,0
23,DFT_CRT,value_scaling_t0,wide,DEoptim,4674,0
23,DFT_CRT,value_scaling_t0,wide,DEoptim,4675,0
23,DFT_CRT,value_scaling_t0,wide,DEoptim,4676,0
23,DFT_CRT,value_scaling_t0,wide,DEoptim,4677,0
23,DFT_CRT,value_scaling_t0,wide,DEoptim,4678,0
23,DFT_CRT,value_scaling_t0,wide,DEoptim,4679,0
23,DFT_CRT,value_scaling_t0,wide,DEoptim,4680,0
23,DFT_CRT,value_scaling_t0,wide,DEoptim,4681,0
23,DFT_CRT,value_scaling_t0,wide,DEoptim,4682,0
23,DFT_CRT,value_scaling_t0,wide,DEoptim,4683,0
23,DFT_CRT,value_scaling_t0,wide,DEoptim,4684,0
23,DFT_CRT,value_scaling_t0,wide,DEoptim,4685,0
23,DFT_CRT,value_scaling_t0,wide,DEoptim,4686,0
23,DFT_CRT,value_scaling_t0,wide,DEoptim,4687,0
23,DFT_CRT,value_scaling_t0,wide,DEoptim,4688,0
23,DFT_CRT,value_scaling_t0,wide,DEoptim,4689,0
23,DFT_CRT,value_scaling_t0,wide,DEoptim,4690,0
23,DFT_CRT,value_scaling_t0,wide,DEoptim,4691,0
23,DFT_CRT,value_scaling_t0,wide,DEoptim,4692,0
23,DFT_CRT,value_scaling_t0,wide,DEoptim,4693,0
23,DFT_CRT,value_scaling_t0,wide,DEoptim,4694,0
23,DFT_CRT,value_scaling_t0,wide,DEoptim,4695,0
23,DFT_CRT,value_scaling_t0,wide,DEoptim,4696,0
23,DFT_CRT,value_scaling_t0,wide,DEoptim,4697,0
23,DFT_CRT,value_scaling_t0,wide,DEoptim,4698,0
23,DFT_CRT,value_scaling_t0,wide,DEoptim,4699,0
23,DFT_CRT,value_scaling_t0,wide,DEoptim,4700,0
23,DFT_CRT,value_scaling_t0,wide,DEoptim,4701,0
23,DFT_CRT,value_scaling_t0,wide,DEoptim,4702,0
23,DFT_CRT,value_scaling_t0,wide,DEoptim,4703,0
23,DFT_CRT,value_scaling_t0,wide,DEoptim,4704,0
23,DFT_CRT,value_scaling_t0,wide,DEoptim,4705,0
23,DFT_CRT,value_scaling_t0,wide,DEoptim,4706,0
23,DFT_CRT,value_scaling_t0,wide,DEoptim,4707,0
23,DFT_CRT,value_scaling_t0,wide,DEoptim,4708,0
23,DFT_CRT,value_scaling_t0,wide,DEoptim,4709,0
23,DFT_CRT,value_scaling_t0,wide,DEoptim,4710,0
23,DFT_CRT,value_scaling_t0,wide,DEoptim,4711,0
23,DFT_CRT,value_scaling_t0,wide,DEoptim,4712,0
23,DFT_CRT,value_scaling_t0,wide,DEoptim,4713,0
23,DFT_CRT,value_scaling_t0,wide,DEoptim,4714,0
23,DFT_CRT,value_scaling_t0,wide,DEoptim,4715,0
23,DFT_CRT,value_scaling_t0,wide,DEoptim,4716,0
23,DFT_CRT,value_scaling_t0,wide,DEoptim,4717,0
23,DFT_CRT,value_scaling_t0,wide,DEoptim,4718,0
23,DFT_CRT,value_scaling_t0,wide,DEoptim,4719,0
23,DFT_CRT,value_scaling_t0,wide,DEoptim,4720,0
23,DFT_CRT,value_scaling_t0,wide,DEoptim,4721,0
23,DFT_CRT,value_scaling_t0,wide,DEoptim,4722,0
23,DFT_CRT,value_scaling_t0,wide,DEoptim,4723,0
23,DFT_CRT,value_scaling_t0,wide,DEoptim,4724,0
23,DFT_CRT,value_scaling_t0,wide,DEoptim,4725,0
23,DFT_CRT,value_scaling_t0,wide,DEoptim,4726,0
23,DFT_CRT,value_scaling_t0,wide,DEoptim,4727,0
23,DFT_CRT,value_scaling_t0,wide,DEoptim,4728,0
23,DFT_CRT,value_scaling_t0,wide,DEoptim,4729,0
23,DFT_CRT,value_scaling_t0,wide,DEoptim,4730,0
23,DFT_CRT,value_scaling_t0,wide,DEoptim,4731,0
23,DFT_CRT,value_scaling_t0,wide,DEoptim,4732,0
23,DFT_CRT,value_scaling_t0,wide,DEoptim,4733,0
23,DFT_CRT,value_scaling_t0,wide,DEoptim,4734,0
23,DFT_CRT,value_scaling_t0,wide,DEoptim,4735,0
23,DFT_CRT,value_scaling_t0,wide,DEoptim,4736,0
23,DFT_CRT,value_scaling_t0,wide,DEoptim,4737,0
23,DFT_CRT,value_scaling_t0,wide,DEoptim,4738,0
23,DFT_CRT,value_scaling_t0,wide,DEoptim,4739,0
23,DFT_CRT,value_scaling_t0,wide,DEoptim,4740,0
23,DFT_CRT,value_scaling_t0,wide,DEoptim,4741,0
23,DFT_CRT,value_scaling_t0,wide,DEoptim,4742,0
23,DFT_CRT,value_scaling_t0,wide,DEoptim,4743,0
23,DFT_CRT,value_scaling_t0,wide,DEoptim,4744,0
23,DFT_CRT,value_scaling_t0,wide,DEoptim,4745,0
23,DFT_CRT,value_scaling_t0,wide,DEoptim,4746,0
23,DFT_CRT,value_scaling_t0,wide,DEoptim,4747,0
23,DFT_CRT,value_scaling_t0,wide,DEoptim,4748,0
23,DFT_CRT,value_scaling_t0,wide,DEoptim,4749,0
23,DFT_CRT,value_scaling_t0,wide,DEoptim,4750,0
23,DFT_CRT,value_scaling_t0,wide,DEoptim,4751,0
23,DFT_CRT,value_scaling_t0,wide,DEoptim,4752,0
23,DFT_CRT,value_scaling_t0,wide,DEoptim,4753,0
23,DFT_CRT,value_scaling_t0,wide,DEoptim,4754,0
23,DFT_CRT,value_scaling_t0,wide,DEoptim,4755,0
23,DFT_CRT,value_scaling_t0,wide,DEoptim,4756,0
23,DFT_CRT,value_scaling_t0,wide,DEoptim,4757,0
23,DFT_CRT,value_scaling_t0,wide,DEoptim,4758,0
23,DFT_CRT,value_scaling_t0,wide,DEoptim,4759,0
23,DFT_CRT,value_scaling_t0,wide,DEoptim,4760,0
23,DFT_CRT,value_scaling_t0,wide,DEoptim,4761,0
23,DFT_CRT,value_scaling_t0,wide,DEoptim,4762,0
23,DFT_CRT,value_scaling_t0,wide,DEoptim,4763,0
23,DFT_CRT,value_scaling_t0,wide,DEoptim,4764,0
23,DFT_CRT,value_scaling_t0,wide,DEoptim,4765,0
23,DFT_CRT,value_scaling_t0,wide,DEoptim,4766,0
23,DFT_CRT,value_scaling_t0,wide,DEoptim,4767,0
23,DFT_CRT,value_scaling_t0,wide,DEoptim,4768,0
23,DFT_CRT,value_scaling_t0,wide,DEoptim,4769,0
23,DFT_CRT,value_scaling_t0,wide,DEoptim,4770,0
23,DFT_CRT,value_scaling_t0,wide,DEoptim,4771,0
23,DFT_CRT,value_scaling_t0,wide,DEoptim,4772,0
23,DFT_CRT,value_scaling_t0,wide,DEoptim,4773,0
23,DFT_CRT,value_scaling_t0,wide,DEoptim,4774,0
23,DFT_CRT,value_scaling_t0,wide,DEoptim,4775,0
23,DFT_CRT,value_scaling_t0,wide,DEoptim,4776,0
23,DFT_CRT,value_scaling_t0,wide,DEoptim,4777,0
23,DFT_CRT,value_scaling_t0,wide,DEoptim,4778,0
23,DFT_CRT,value_scaling_t0,wide,DEoptim,4779,0
23,DFT_CRT,value_scaling_t0,wide,DEoptim,4780,0
23,DFT_CRT,value_scaling_t0,wide,DEoptim,4781,0
23,DFT_CRT,value_scaling_t0,wide,DEoptim,4782,0
23,DFT_CRT,value_scaling_t0,wide,DEoptim,4783,0
23,DFT_CRT,value_scaling_t0,wide,DEoptim,4784,0
23,DFT_CRT,value_scaling_t0,wide,DEoptim,4785,0
23,DFT_CRT,value_scaling_t0,wide,DEoptim,4786,0
23,DFT_CRT,value_scaling_t0,wide,DEoptim,4787,0
23,DFT_CRT,value_scaling_t0,wide,DEoptim,4788,0
23,DFT_CRT,value_scaling_t0,wide,DEoptim,4789,0
23,DFT_CRT,value_scaling_t0,wide,DEoptim,4790,0
23,DFT_CRT,value_scaling_t0,wide,DEoptim,4791,0
23,DFT_CRT,value_scaling_t0,wide,DEoptim,4792,0
23,DFT_CRT,value_scaling_t0,wide,DEoptim,4793,0
23,DFT_CRT,value_scaling_t0,wide,DEoptim,4794,0
23,DFT_CRT,value_scaling_t0,wide,DEoptim,4795,0
23,DFT_CRT,value_scaling_t0,wide,DEoptim,4796,0
23,DFT_CRT,value_scaling_t0,wide,DEoptim,4797,0
23,DFT_CRT,value_scaling_t0,wide,DEoptim,4798,0
23,DFT_CRT,value_scaling_t0,wide,DEoptim,4799,0
23,DFT_CRT,value_scaling_t0,wide,DEoptim,4800,0
23,DFT_CRT,value_scaling_t0,wide,DEoptim,4801,0
23,DFT_CRT,value_scaling_t0,wide,DEoptim,4802,0
23,DFT_CRT,value_scaling_t0,wide,DEoptim,4803,0
23,DFT_CRT,value_scaling_t0,wide,DEoptim,4804,0
23,DFT_CRT,value_scaling_t0,wide,DEoptim,4805,0
23,DFT_CRT,value_scaling_t0,wide,DEoptim,4806,0
23,DFT_CRT,value_scaling_t0,wide,DEoptim,4807,0
23,DFT_CRT,value_scaling_t0,wide,DEoptim,4808,0
23,DFT_CRT,value_scaling_t0,wide,DEoptim,4809,0
23,DFT_CRT,value_scaling_t0,wide,DEoptim,4810,0
23,DFT_CRT,value_scaling_t0,wide,DEoptim,4811,0
23,DFT_CRT,value_scaling_t0,wide,DEoptim,4812,0
23,DFT_CRT,value_scaling_t0,wide,DEoptim,4813,0
23,DFT_CRT,value_scaling_t0,wide,DEoptim,4814,0
23,DFT_CRT,value_scaling_t0,wide,DEoptim,4815,0
23,DFT_CRT,value_scaling_t0,wide,DEoptim,4816,0
23,DFT_CRT,value_scaling_t0,wide,DEoptim,4817,0
23,DFT_CRT,value_scaling_t0,wide,DEoptim,4818,0
23,DFT_CRT,value_scaling_t0,wide,DEoptim,4819,0
23,DFT_CRT,value_scaling_t0,wide,DEoptim,4820,0
23,DFT_CRT,value_scaling_t0,wide,DEoptim,4821,0
23,DFT_CRT,value_scaling_t0,wide,DEoptim,4822,0
23,DFT_CRT,value_scaling_t0,wide,DEoptim,4823,0
23,DFT_CRT,value_scaling_t0,wide,DEoptim,4824,0
23,DFT_CRT,value_scaling_t0,wide,DEoptim,4825,0
23,DFT_CRT,value_scaling_t0,wide,DEoptim,4826,0
23,DFT_CRT,value_scaling_t0,wide,DEoptim,4827,0
23,DFT_CRT,value_scaling_t0,wide,DEoptim,4828,0
23,DFT_CRT,value_scaling_t0,wide,DEoptim,4829,0
23,DFT_CRT,value_scaling_t0,wide,DEoptim,4830,0
23,DFT_CRT,value_scaling_t0,wide,DEoptim,4831,0
23,DFT_CRT,value_scaling_t0,wide,DEoptim,4832,0
23,DFT_CRT,value_scaling_t0,wide,DEoptim,4833,0
23,DFT_CRT,value_scaling_t0,wide,DEoptim,4834,0
23,DFT_CRT,value_scaling_t0,wide,DEoptim,4835,0
23,DFT_CRT,value_scaling_t0,wide,DEoptim,4836,0
23,DFT_CRT,value_scaling_t0,wide,DEoptim,4837,0
23,DFT_CRT,value_scaling_t0,wide,DEoptim,4838,0
23,DFT_CRT,value_scaling_t0,wide,DEoptim,4839,0
23,DFT_CRT,value_scaling_t0,wide,DEoptim,4840,0
23,DFT_CRT,value_scaling_t0,wide,DEoptim,4841,0
23,DFT_CRT,value_scaling_t0,wide,DEoptim,4842,0
23,DFT_CRT,value_scaling_t0,wide,DEoptim,4843,0
23,DFT_CRT,value_scaling_t0,wide,DEoptim,4844,0
23,DFT_CRT,value_scaling_t0,wide,DEoptim,4845,0
23,DFT_CRT,value_scaling_t0,wide,DEoptim,4846,0
23,DFT_CRT,value_scaling_t0,wide,DEoptim,4847,0
23,DFT_CRT,value_scaling_t0,wide,DEoptim,4848,0
23,DFT_CRT,value_scaling_t0,wide,DEoptim,4849,0
23,DFT_CRT,value_scaling_t0,wide,DEoptim,4850,0
23,DFT_CRT,value_scaling_t0,wide,DEoptim,4851,0
23,DFT_CRT,value_scaling_t0,wide,DEoptim,4852,0
23,DFT_CRT,value_scaling_t0,wide,DEoptim,4853,0
23,DFT_CRT,value_scaling_t0,wide,DEoptim,4854,0
23,DFT_CRT,value_scaling_t0,wide,DEoptim,4855,0
23,DFT_CRT,value_scaling_t0,wide,DEoptim,4856,0
23,DFT_CRT,value_scaling_t0,wide,DEoptim,4857,0
23,DFT_CRT,value_scaling_t0,wide,DEoptim,4858,0
23,DFT_CRT,value_scaling_t0,wide,DEoptim,4859,0
23,DFT_CRT,value_scaling_t0,wide,DEoptim,4860,0
23,DFT_CRT,value_scaling_t0,wide,DEoptim,4861,0
23,DFT_CRT,value_scaling_t0,wide,DEoptim,4862,0
23,DFT_CRT,value_scaling_t0,wide,DEoptim,4863,0
23,DFT_CRT,value_scaling_t0,wide,DEoptim,4864,0
23,DFT_CRT,value_scaling_t0,wide,DEoptim,4865,0
23,DFT_CRT,value_scaling_t0,wide,DEoptim,4866,0
23,DFT_CRT,value_scaling_t0,wide,DEoptim,4867,0
23,DFT_CRT,value_scaling_t0,wide,DEoptim,4868,0
23,DFT_CRT,value_scaling_t0,wide,DEoptim,4869,0
23,DFT_CRT,value_scaling_t0,wide,DEoptim,4870,0
23,DFT_CRT,value_scaling_t0,wide,DEoptim,4871,0
23,DFT_CRT,value_scaling_t0,wide,DEoptim,4872,0
23,DFT_CRT,value_scaling_t0,wide,DEoptim,4873,0
23,DFT_CRT,value_scaling_t0,wide,DEoptim,4874,0
23,DFT_CRT,value_scaling_t0,wide,DEoptim,4875,0
23,DFT_CRT,value_scaling_t0,wide,DEoptim,4876,0
23,DFT_CRT,value_scaling_t0,wide,DEoptim,4877,0
23,DFT_CRT,value_scaling_t0,wide,DEoptim,4878,0
23,DFT_CRT,value_scaling_t0,wide,DEoptim,4879,0
23,DFT_CRT,value_scaling_t0,wide,DEoptim,4880,0
23,DFT_CRT,value_scaling_t0,wide,DEoptim,4881,0
23,DFT_CRT,value_scaling_t0,wide,DEoptim,4882,0
23,DFT_CRT,value_scaling_t0,wide,DEoptim,4883,0
23,DFT_CRT,value_scaling_t0,wide,DEoptim,4884,0
23,DFT_CRT,value_scaling_t0,wide,DEoptim,4885,0
23,DFT_CRT,value_scaling_t0,wide,DEoptim,4886,0
23,DFT_CRT,value_scaling_t0,wide,DEoptim,4887,0
23,DFT_CRT,value_scaling_t0,wide,DEoptim,4888,0
23,DFT_CRT,value_scaling_t0,wide,DEoptim,4889,0
23,DFT_CRT,value_scaling_t0,wide,DEoptim,4890,0
23,DFT_CRT,value_scaling_t0,wide,DEoptim,4891,0
23,DFT_CRT,value_scaling_t0,wide,DEoptim,4892,0
23,DFT_CRT,value_scaling_t0,wide,DEoptim,4893,0
23,DFT_CRT,value_scaling_t0,wide,DEoptim,4894,0
23,DFT_CRT,value_scaling_t0,wide,DEoptim,4895,0
23,DFT_CRT,value_scaling_t0,wide,DEoptim,4896,0
23,DFT_CRT,value_scaling_t0,wide,DEoptim,4897,0
23,DFT_CRT,value_scaling_t0,wide,DEoptim,4898,0
23,DFT_CRT,value_scaling_t0,wide,DEoptim,4899,0
23,DFT_CRT,value_scaling_t0,wide,DEoptim,4900,0
23,DFT_CRT,value_scaling_t0,wide,DEoptim,4901,0
23,DFT_CRT,value_scaling_t0,wide,DEoptim,4902,0
23,DFT_CRT,value_scaling_t0,wide,DEoptim,4903,0
23,DFT_CRT,value_scaling_t0,wide,DEoptim,4904,0
23,DFT_CRT,value_scaling_t0,wide,DEoptim,4905,0
23,DFT_CRT,value_scaling_t0,wide,DEoptim,4906,0
23,DFT_CRT,value_scaling_t0,wide,DEoptim,4907,0
23,DFT_CRT,value_scaling_t0,wide,DEoptim,4908,0
23,DFT_CRT,value_scaling_t0,wide,DEoptim,4909,0
23,DFT_CRT,value_scaling_t0,wide,DEoptim,4910,0
23,DFT_CRT,value_scaling_t0,wide,DEoptim,4911,0
23,DFT_CRT,value_scaling_t0,wide,DEoptim,4912,0
23,DFT_CRT,value_scaling_t0,wide,DEoptim,4913,0
23,DFT_CRT,value_scaling_t0,wide,DEoptim,4914,0
23,DFT_CRT,value_scaling_t0,wide,DEoptim,4915,0
23,DFT_CRT,value_scaling_t0,wide,DEoptim,4916,0
23,DFT_CRT,value_scaling_t0,wide,DEoptim,4917,0
23,DFT_CRT,value_scaling_t0,wide,DEoptim,4918,0
23,DFT_CRT,value_scaling_t0,wide,DEoptim,4919,0
23,DFT_CRT,value_scaling_t0,wide,DEoptim,4920,0
23,DFT_CRT,value_scaling_t0,wide,DEoptim,4921,0
23,DFT_CRT,value_scaling_t0,wide,DEoptim,4922,0
23,DFT_CRT,value_scaling_t0,wide,DEoptim,4923,0
23,DFT_CRT,value_scaling_t0,wide,DEoptim,4924,0
23,DFT_CRT,value_scaling_t0,wide,DEoptim,4925,0
23,DFT_CRT,value_scaling_t0,wide,DEoptim,4926,0
23,DFT_CRT,value_scaling_t0,wide,DEoptim,4927,0
23,DFT_CRT,value_scaling_t0,wide,DEoptim,4928,0
23,DFT_CRT,value_scaling_t0,wide,DEoptim,4929,0
23,DFT_CRT,value_scaling_t0,wide,DEoptim,4930,0
23,DFT_CRT,value_scaling_t0,wide,DEoptim,4931,0
23,DFT_CRT,value_scaling_t0,wide,DEoptim,4932,0
23,DFT_CRT,value_scaling_t0,wide,DEoptim,4933,0
23,DFT_CRT,value_scaling_t0,wide,DEoptim,4934,0
23,DFT_CRT,value_scaling_t0,wide,DEoptim,4935,0
23,DFT_CRT,value_scaling_t0,wide,DEoptim,4936,0
23,DFT_CRT,value_scaling_t0,wide,DEoptim,4937,0
23,DFT_CRT,value_scaling_t0,wide,DEoptim,4938,0
23,DFT_CRT,value_scaling_t0,wide,DEoptim,4939,0
23,DFT_CRT,value_scaling_t0,wide,DEoptim,4940,0
23,DFT_CRT,value_scaling_t0,wide,DEoptim,4941,0
23,DFT_CRT,value_scaling_t0,wide,DEoptim,4942,0
23,DFT_CRT,value_scaling_t0,wide,DEoptim,4943,0
23,DFT_CRT,value_scaling_t0,wide,DEoptim,4944,0
23,DFT_CRT,value_scaling_t0,wide,DEoptim,4945,0
23,DFT_CRT,value_scaling_t0,wide,DEoptim,4946,0
23,DFT_CRT,value_scaling_t0,wide,DEoptim,4947,0
23,DFT_CRT,value_scaling_t0,wide,DEoptim,4948,0
23,DFT_CRT,value_scaling_t0,wide,DEoptim,4949,0
23,DFT_CRT,value_scaling_t0,wide,DEoptim,4950,0
23,DFT_CRT,value_scaling_t0,wide,DEoptim,4951,0
23,DFT_CRT,value_scaling_t0,wide,DEoptim,4952,0
23,DFT_CRT,value_scaling_t0,wide,DEoptim,4953,0
23,DFT_CRT,value_scaling_t0,wide,DEoptim,4954,0
23,DFT_CRT,value_scaling_t0,wide,DEoptim,4955,0
23,DFT_CRT,value_scaling_t0,wide,DEoptim,4956,0
23,DFT_CRT,value_scaling_t0,wide,DEoptim,4957,0
23,DFT_CRT,value_scaling_t0,wide,DEoptim,4958,0
23,DFT_CRT,value_scaling_t0,wide,DEoptim,4959,0
23,DFT_CRT,value_scaling_t0,wide,DEoptim,4960,0
23,DFT_CRT,value_scaling_t0,wide,DEoptim,4961,0
23,DFT_CRT,value_scaling_t0,wide,DEoptim,4962,0
23,DFT_CRT,value_scaling_t0,wide,DEoptim,4963,0
23,DFT_CRT,value_scaling_t0,wide,DEoptim,4964,0
23,DFT_CRT,value_scaling_t0,wide,DEoptim,4965,0
23,DFT_CRT,value_scaling_t0,wide,DEoptim,4966,0
23,DFT_CRT,value_scaling_t0,wide,DEoptim,4967,0
23,DFT_CRT,value_scaling_t0,wide,DEoptim,4968,0
23,DFT_CRT,value_scaling_t0,wide,DEoptim,4969,0
23,DFT_CRT,value_scaling_t0,wide,DEoptim,4970,0
23,DFT_CRT,value_scaling_t0,wide,DEoptim,4971,0
23,DFT_CRT,value_scaling_t0,wide,DEoptim,4972,0
23,DFT_CRT,value_scaling_t0,wide,DEoptim,4973,0
23,DFT_CRT,value_scaling_t0,wide,DEoptim,4974,0
23,DFT_CRT,value_scaling_t0,wide,DEoptim,4975,0
23,DFT_CRT,value_scaling_t0,wide,DEoptim,4976,0
23,DFT_CRT,value_scaling_t0,wide,DEoptim,4977,0
23,DFT_CRT,value_scaling_t0,wide,DEoptim,4978,0
23,DFT_CRT,value_scaling_t0,wide,DEoptim,4979,0
23,DFT_CRT,value_scaling_t0,wide,DEoptim,4980,0
23,DFT_CRT,value_scaling_t0,wide,DEoptim,4981,0
23,DFT_CRT,value_scaling_t0,wide,DEoptim,4982,0
23,DFT_CRT,value_scaling_t0,wide,DEoptim,4983,0
23,DFT_CRT,value_scaling_t0,wide,DEoptim,4984,0
23,DFT_CRT,value_scaling_t0,wide,DEoptim,4985,0
23,DFT_CRT,value_scaling_t0,wide,DEoptim,4986,0
23,DFT_CRT,value_scaling_t0,wide,DEoptim,4987,0
23,DFT_CRT,value_scaling_t0,wide,DEoptim,4988,0
23,DFT_CRT,value_scaling_t0,wide,DEoptim,4989,0
23,DFT_CRT,value_scaling_t0,wide,DEoptim,4990,0
23,DFT_CRT,value_scaling_t0,wide,DEoptim,4991,0
23,DFT_CRT,value_scaling_t0,wide,DEoptim,4992,0
23,DFT_CRT,value_scaling_t0,wide,DEoptim,4993,0
23,DFT_CRT,value_scaling_t0,wide,DEoptim,4994,0
23,DFT_CRT,value_scaling_t0,wide,DEoptim,4995,0
23,DFT_CRT,value_scaling_t0,wide,DEoptim,4996,0
23,DFT_CRT,value_scaling_t0,wide,DEoptim,4997,0
23,DFT_CRT,value_scaling_t0,wide,DEoptim,4998,0
23,DFT_CRT,value_scaling_t0,wide,DEoptim,4999,0
23,DFT_CRT,value_scaling_t0,wide,DEoptim,5000,0
