participant_id,model_name,parameterization,bound_settings,algorithm,iter,fun_val
55,DFT_CRT,time_scaling,wide,DEoptim,1,984.0814366086449
55,DFT_CRT,time_scaling,wide,DEoptim,2,762.6006264517722
55,DFT_CRT,time_scaling,wide,DEoptim,3,762.6006264517722
55,DFT_CRT,time_scaling,wide,DEoptim,4,762.6006264517722
55,DFT_CRT,time_scaling,wide,DEoptim,5,762.6006264517722
55,DFT_CRT,time_scaling,wide,DEoptim,6,762.6006264517722
55,DFT_CRT,time_scaling,wide,DEoptim,7,761.7081735059098
55,DFT_CRT,time_scaling,wide,DEoptim,8,697.6714738566016
55,DFT_CRT,time_scaling,wide,DEoptim,9,697.6714738566016
55,DFT_CRT,time_scaling,wide,DEoptim,10,659.4803022288088
55,DFT_CRT,time_scaling,wide,DEoptim,11,618.0180454351646
55,DFT_CRT,time_scaling,wide,DEoptim,12,608.5139773247813
55,DFT_CRT,time_scaling,wide,DEoptim,13,608.5139773247813
55,DFT_CRT,time_scaling,wide,DEoptim,14,608.5139773247813
55,DFT_CRT,time_scaling,wide,DEoptim,15,575.4836419572109
55,DFT_CRT,time_scaling,wide,DEoptim,16,575.0570428332647
55,DFT_CRT,time_scaling,wide,DEoptim,17,572.3480926358487
55,DFT_CRT,time_scaling,wide,DEoptim,18,571.4641366736807
55,DFT_CRT,time_scaling,wide,DEoptim,19,557.7796197541842
55,DFT_CRT,time_scaling,wide,DEoptim,20,557.7796197541842
55,DFT_CRT,time_scaling,wide,DEoptim,21,557.7796197541842
55,DFT_CRT,time_scaling,wide,DEoptim,22,557.7796197541842
55,DFT_CRT,time_scaling,wide,DEoptim,23,523.5587048023435
55,DFT_CRT,time_scaling,wide,DEoptim,24,523.5587048023435
55,DFT_CRT,time_scaling,wide,DEoptim,25,523.5587048023435
55,DFT_CRT,time_scaling,wide,DEoptim,26,523.5587048023435
55,DFT_CRT,time_scaling,wide,DEoptim,27,522.1756541114858
55,DFT_CRT,time_scaling,wide,DEoptim,28,518.66927634558715
55,DFT_CRT,time_scaling,wide,DEoptim,29,518.66927634558715
55,DFT_CRT,time_scaling,wide,DEoptim,30,518.66927634558715
55,DFT_CRT,time_scaling,wide,DEoptim,31,518.66927634558715
55,DFT_CRT,time_scaling,wide,DEoptim,32,518.66927634558715
55,DFT_CRT,time_scaling,wide,DEoptim,33,518.66927634558715
55,DFT_CRT,time_scaling,wide,DEoptim,34,518.66927634558715
55,DFT_CRT,time_scaling,wide,DEoptim,35,518.66927634558715
55,DFT_CRT,time_scaling,wide,DEoptim,36,518.66927634558715
55,DFT_CRT,time_scaling,wide,DEoptim,37,518.66927634558715
55,DFT_CRT,time_scaling,wide,DEoptim,38,518.66927634558715
55,DFT_CRT,time_scaling,wide,DEoptim,39,518.66927634558715
55,DFT_CRT,time_scaling,wide,DEoptim,40,518.4373212239221
55,DFT_CRT,time_scaling,wide,DEoptim,41,518.4373212239221
55,DFT_CRT,time_scaling,wide,DEoptim,42,512.6351591570788
55,DFT_CRT,time_scaling,wide,DEoptim,43,512.6351591570788
55,DFT_CRT,time_scaling,wide,DEoptim,44,512.6351591570788
55,DFT_CRT,time_scaling,wide,DEoptim,45,512.6351591570788
55,DFT_CRT,time_scaling,wide,DEoptim,46,512.6351591570788
55,DFT_CRT,time_scaling,wide,DEoptim,47,512.6351591570788
55,DFT_CRT,time_scaling,wide,DEoptim,48,512.6351591570788
55,DFT_CRT,time_scaling,wide,DEoptim,49,512.6351591570788
55,DFT_CRT,time_scaling,wide,DEoptim,50,512.6351591570788
55,DFT_CRT,time_scaling,wide,DEoptim,51,512.5704952803329
55,DFT_CRT,time_scaling,wide,DEoptim,52,509.47533248663416
55,DFT_CRT,time_scaling,wide,DEoptim,53,509.47533248663416
55,DFT_CRT,time_scaling,wide,DEoptim,54,509.47533248663416
55,DFT_CRT,time_scaling,wide,DEoptim,55,501.73517750013553
55,DFT_CRT,time_scaling,wide,DEoptim,56,495.4372990420436
55,DFT_CRT,time_scaling,wide,DEoptim,57,494.8891344988578
55,DFT_CRT,time_scaling,wide,DEoptim,58,494.8891344988578
55,DFT_CRT,time_scaling,wide,DEoptim,59,494.8891344988578
55,DFT_CRT,time_scaling,wide,DEoptim,60,494.8891344988578
55,DFT_CRT,time_scaling,wide,DEoptim,61,494.8891344988578
55,DFT_CRT,time_scaling,wide,DEoptim,62,494.8891344988578
55,DFT_CRT,time_scaling,wide,DEoptim,63,494.8891344988578
55,DFT_CRT,time_scaling,wide,DEoptim,64,494.8891344988578
55,DFT_CRT,time_scaling,wide,DEoptim,65,494.8891344988578
55,DFT_CRT,time_scaling,wide,DEoptim,66,494.8891344988578
55,DFT_CRT,time_scaling,wide,DEoptim,67,494.8891344988578
55,DFT_CRT,time_scaling,wide,DEoptim,68,494.8891344988578
55,DFT_CRT,time_scaling,wide,DEoptim,69,494.8891344988578
55,DFT_CRT,time_scaling,wide,DEoptim,70,494.8891344988578
55,DFT_CRT,time_scaling,wide,DEoptim,71,494.8891344988578
55,DFT_CRT,time_scaling,wide,DEoptim,72,494.8891344988578
55,DFT_CRT,time_scaling,wide,DEoptim,73,494.8891344988578
55,DFT_CRT,time_scaling,wide,DEoptim,74,494.8891344988578
55,DFT_CRT,time_scaling,wide,DEoptim,75,494.8891344988578
55,DFT_CRT,time_scaling,wide,DEoptim,76,494.8891344988578
55,DFT_CRT,time_scaling,wide,DEoptim,77,494.8891344988578
55,DFT_CRT,time_scaling,wide,DEoptim,78,494.8891344988578
55,DFT_CRT,time_scaling,wide,DEoptim,79,494.8891344988578
55,DFT_CRT,time_scaling,wide,DEoptim,80,494.8891344988578
55,DFT_CRT,time_scaling,wide,DEoptim,81,494.8891344988578
55,DFT_CRT,time_scaling,wide,DEoptim,82,492.53695935375447
55,DFT_CRT,time_scaling,wide,DEoptim,83,492.53695935375447
55,DFT_CRT,time_scaling,wide,DEoptim,84,492.53695935375447
55,DFT_CRT,time_scaling,wide,DEoptim,85,492.53695935375447
55,DFT_CRT,time_scaling,wide,DEoptim,86,492.53695935375447
55,DFT_CRT,time_scaling,wide,DEoptim,87,491.8123325359202
55,DFT_CRT,time_scaling,wide,DEoptim,88,491.8123325359202
55,DFT_CRT,time_scaling,wide,DEoptim,89,491.8123325359202
55,DFT_CRT,time_scaling,wide,DEoptim,90,491.8123325359202
55,DFT_CRT,time_scaling,wide,DEoptim,91,491.8123325359202
55,DFT_CRT,time_scaling,wide,DEoptim,92,491.8123325359202
55,DFT_CRT,time_scaling,wide,DEoptim,93,491.8123325359202
55,DFT_CRT,time_scaling,wide,DEoptim,94,491.8123325359202
55,DFT_CRT,time_scaling,wide,DEoptim,95,491.8123325359202
55,DFT_CRT,time_scaling,wide,DEoptim,96,491.8123325359202
55,DFT_CRT,time_scaling,wide,DEoptim,97,491.8123325359202
55,DFT_CRT,time_scaling,wide,DEoptim,98,491.8123325359202
55,DFT_CRT,time_scaling,wide,DEoptim,99,491.8123325359202
55,DFT_CRT,time_scaling,wide,DEoptim,100,491.4693210828457
55,DFT_CRT,time_scaling,wide,DEoptim,101,491.4693210828457
55,DFT_CRT,time_scaling,wide,DEoptim,102,491.4693210828457
55,DFT_CRT,time_scaling,wide,DEoptim,103,491.4693210828457
55,DFT_CRT,time_scaling,wide,DEoptim,104,491.4693210828457
55,DFT_CRT,time_scaling,wide,DEoptim,105,491.4693210828457
55,DFT_CRT,time_scaling,wide,DEoptim,106,491.4693210828457
55,DFT_CRT,time_scaling,wide,DEoptim,107,491.4693210828457
55,DFT_CRT,time_scaling,wide,DEoptim,108,491.0285385023816
55,DFT_CRT,time_scaling,wide,DEoptim,109,491.0285385023816
55,DFT_CRT,time_scaling,wide,DEoptim,110,491.0285385023816
55,DFT_CRT,time_scaling,wide,DEoptim,111,491.0285385023816
55,DFT_CRT,time_scaling,wide,DEoptim,112,491.0285385023816
55,DFT_CRT,time_scaling,wide,DEoptim,113,491.0285385023816
55,DFT_CRT,time_scaling,wide,DEoptim,114,491.0285385023816
55,DFT_CRT,time_scaling,wide,DEoptim,115,491.0285385023816
55,DFT_CRT,time_scaling,wide,DEoptim,116,491.0285385023816
55,DFT_CRT,time_scaling,wide,DEoptim,117,489.1137426509165
55,DFT_CRT,time_scaling,wide,DEoptim,118,489.1137426509165
55,DFT_CRT,time_scaling,wide,DEoptim,119,489.1137426509165
55,DFT_CRT,time_scaling,wide,DEoptim,120,489.1137426509165
55,DFT_CRT,time_scaling,wide,DEoptim,121,489.1137426509165
55,DFT_CRT,time_scaling,wide,DEoptim,122,489.1137426509165
55,DFT_CRT,time_scaling,wide,DEoptim,123,489.1137426509165
55,DFT_CRT,time_scaling,wide,DEoptim,124,489.1137426509165
55,DFT_CRT,time_scaling,wide,DEoptim,125,489.1137426509165
55,DFT_CRT,time_scaling,wide,DEoptim,126,489.1137426509165
55,DFT_CRT,time_scaling,wide,DEoptim,127,489.1137426509165
55,DFT_CRT,time_scaling,wide,DEoptim,128,489.1137426509165
55,DFT_CRT,time_scaling,wide,DEoptim,129,489.1137426509165
55,DFT_CRT,time_scaling,wide,DEoptim,130,489.1137426509165
55,DFT_CRT,time_scaling,wide,DEoptim,131,489.1137426509165
55,DFT_CRT,time_scaling,wide,DEoptim,132,489.1137426509165
55,DFT_CRT,time_scaling,wide,DEoptim,133,489.1137426509165
55,DFT_CRT,time_scaling,wide,DEoptim,134,489.1137426509165
55,DFT_CRT,time_scaling,wide,DEoptim,135,489.1137426509165
55,DFT_CRT,time_scaling,wide,DEoptim,136,489.1137426509165
55,DFT_CRT,time_scaling,wide,DEoptim,137,489.1137426509165
55,DFT_CRT,time_scaling,wide,DEoptim,138,489.1137426509165
55,DFT_CRT,time_scaling,wide,DEoptim,139,489.1137426509165
55,DFT_CRT,time_scaling,wide,DEoptim,140,489.1137426509165
55,DFT_CRT,time_scaling,wide,DEoptim,141,489.1137426509165
55,DFT_CRT,time_scaling,wide,DEoptim,142,489.1137426509165
55,DFT_CRT,time_scaling,wide,DEoptim,143,489.1137426509165
55,DFT_CRT,time_scaling,wide,DEoptim,144,489.1137426509165
55,DFT_CRT,time_scaling,wide,DEoptim,145,489.1137426509165
55,DFT_CRT,time_scaling,wide,DEoptim,146,489.1137426509165
55,DFT_CRT,time_scaling,wide,DEoptim,147,489.1137426509165
55,DFT_CRT,time_scaling,wide,DEoptim,148,489.1137426509165
55,DFT_CRT,time_scaling,wide,DEoptim,149,489.1137426509165
55,DFT_CRT,time_scaling,wide,DEoptim,150,489.1137426509165
55,DFT_CRT,time_scaling,wide,DEoptim,151,489.1137426509165
55,DFT_CRT,time_scaling,wide,DEoptim,152,489.1137426509165
55,DFT_CRT,time_scaling,wide,DEoptim,153,489.1137426509165
55,DFT_CRT,time_scaling,wide,DEoptim,154,489.1137426509165
55,DFT_CRT,time_scaling,wide,DEoptim,155,489.1137426509165
55,DFT_CRT,time_scaling,wide,DEoptim,156,489.1137426509165
55,DFT_CRT,time_scaling,wide,DEoptim,157,489.1137426509165
55,DFT_CRT,time_scaling,wide,DEoptim,158,489.1137426509165
55,DFT_CRT,time_scaling,wide,DEoptim,159,489.1137426509165
55,DFT_CRT,time_scaling,wide,DEoptim,160,489.1137426509165
55,DFT_CRT,time_scaling,wide,DEoptim,161,489.1137426509165
55,DFT_CRT,time_scaling,wide,DEoptim,162,489.1137426509165
55,DFT_CRT,time_scaling,wide,DEoptim,163,489.1137426509165
55,DFT_CRT,time_scaling,wide,DEoptim,164,489.1137426509165
55,DFT_CRT,time_scaling,wide,DEoptim,165,489.1137426509165
55,DFT_CRT,time_scaling,wide,DEoptim,166,489.1137426509165
55,DFT_CRT,time_scaling,wide,DEoptim,167,489.1137426509165
55,DFT_CRT,time_scaling,wide,DEoptim,168,489.1137426509165
55,DFT_CRT,time_scaling,wide,DEoptim,169,488.60346534226125
55,DFT_CRT,time_scaling,wide,DEoptim,170,488.60346534226125
55,DFT_CRT,time_scaling,wide,DEoptim,171,488.5546638218069
55,DFT_CRT,time_scaling,wide,DEoptim,172,488.5546638218069
55,DFT_CRT,time_scaling,wide,DEoptim,173,488.5546638218069
55,DFT_CRT,time_scaling,wide,DEoptim,174,488.5546638218069
55,DFT_CRT,time_scaling,wide,DEoptim,175,488.5546638218069
55,DFT_CRT,time_scaling,wide,DEoptim,176,488.5546638218069
55,DFT_CRT,time_scaling,wide,DEoptim,177,488.5546638218069
55,DFT_CRT,time_scaling,wide,DEoptim,178,488.5546638218069
55,DFT_CRT,time_scaling,wide,DEoptim,179,488.5546638218069
55,DFT_CRT,time_scaling,wide,DEoptim,180,488.5546638218069
55,DFT_CRT,time_scaling,wide,DEoptim,181,488.5546638218069
55,DFT_CRT,time_scaling,wide,DEoptim,182,488.5546638218069
55,DFT_CRT,time_scaling,wide,DEoptim,183,488.5546638218069
55,DFT_CRT,time_scaling,wide,DEoptim,184,488.5546638218069
55,DFT_CRT,time_scaling,wide,DEoptim,185,488.3755422088469
55,DFT_CRT,time_scaling,wide,DEoptim,186,488.3755422088469
55,DFT_CRT,time_scaling,wide,DEoptim,187,488.3755422088469
55,DFT_CRT,time_scaling,wide,DEoptim,188,488.3755422088469
55,DFT_CRT,time_scaling,wide,DEoptim,189,488.3755422088469
55,DFT_CRT,time_scaling,wide,DEoptim,190,488.3755422088469
55,DFT_CRT,time_scaling,wide,DEoptim,191,488.3755422088469
55,DFT_CRT,time_scaling,wide,DEoptim,192,488.3755422088469
55,DFT_CRT,time_scaling,wide,DEoptim,193,488.3755422088469
55,DFT_CRT,time_scaling,wide,DEoptim,194,488.3755422088469
55,DFT_CRT,time_scaling,wide,DEoptim,195,488.3755422088469
55,DFT_CRT,time_scaling,wide,DEoptim,196,488.3755422088469
55,DFT_CRT,time_scaling,wide,DEoptim,197,488.34354662980854
55,DFT_CRT,time_scaling,wide,DEoptim,198,488.34354662980854
55,DFT_CRT,time_scaling,wide,DEoptim,199,488.34354662980854
55,DFT_CRT,time_scaling,wide,DEoptim,200,488.34354662980854
55,DFT_CRT,time_scaling,wide,DEoptim,201,488.34354662980854
55,DFT_CRT,time_scaling,wide,DEoptim,202,488.34354662980854
55,DFT_CRT,time_scaling,wide,DEoptim,203,488.34354662980854
55,DFT_CRT,time_scaling,wide,DEoptim,204,488.34354662980854
55,DFT_CRT,time_scaling,wide,DEoptim,205,488.34354662980854
55,DFT_CRT,time_scaling,wide,DEoptim,206,488.34354662980854
55,DFT_CRT,time_scaling,wide,DEoptim,207,488.34354662980854
55,DFT_CRT,time_scaling,wide,DEoptim,208,488.34354662980854
55,DFT_CRT,time_scaling,wide,DEoptim,209,488.34354662980854
55,DFT_CRT,time_scaling,wide,DEoptim,210,488.34354662980854
55,DFT_CRT,time_scaling,wide,DEoptim,211,488.0792258976183
55,DFT_CRT,time_scaling,wide,DEoptim,212,488.0792258976183
55,DFT_CRT,time_scaling,wide,DEoptim,213,488.0792258976183
55,DFT_CRT,time_scaling,wide,DEoptim,214,488.0792258976183
55,DFT_CRT,time_scaling,wide,DEoptim,215,488.0792258976183
55,DFT_CRT,time_scaling,wide,DEoptim,216,488.0792258976183
55,DFT_CRT,time_scaling,wide,DEoptim,217,488.0792258976183
55,DFT_CRT,time_scaling,wide,DEoptim,218,488.0792258976183
55,DFT_CRT,time_scaling,wide,DEoptim,219,488.0792258976183
55,DFT_CRT,time_scaling,wide,DEoptim,220,488.0792258976183
55,DFT_CRT,time_scaling,wide,DEoptim,221,488.0792258976183
55,DFT_CRT,time_scaling,wide,DEoptim,222,488.0792258976183
55,DFT_CRT,time_scaling,wide,DEoptim,223,488.0792258976183
55,DFT_CRT,time_scaling,wide,DEoptim,224,488.0792258976183
55,DFT_CRT,time_scaling,wide,DEoptim,225,488.0792258976183
55,DFT_CRT,time_scaling,wide,DEoptim,226,488.0792258976183
55,DFT_CRT,time_scaling,wide,DEoptim,227,488.0792258976183
55,DFT_CRT,time_scaling,wide,DEoptim,228,488.0792258976183
55,DFT_CRT,time_scaling,wide,DEoptim,229,488.0792258976183
55,DFT_CRT,time_scaling,wide,DEoptim,230,488.0792258976183
55,DFT_CRT,time_scaling,wide,DEoptim,231,488.0792258976183
55,DFT_CRT,time_scaling,wide,DEoptim,232,488.0792258976183
55,DFT_CRT,time_scaling,wide,DEoptim,233,488.0792258976183
55,DFT_CRT,time_scaling,wide,DEoptim,234,488.0792258976183
55,DFT_CRT,time_scaling,wide,DEoptim,235,488.0792258976183
55,DFT_CRT,time_scaling,wide,DEoptim,236,488.0792258976183
55,DFT_CRT,time_scaling,wide,DEoptim,237,488.0792258976183
55,DFT_CRT,time_scaling,wide,DEoptim,238,488.0792258976183
55,DFT_CRT,time_scaling,wide,DEoptim,239,487.9596095688644
55,DFT_CRT,time_scaling,wide,DEoptim,240,487.9596095688644
55,DFT_CRT,time_scaling,wide,DEoptim,241,487.9596095688644
55,DFT_CRT,time_scaling,wide,DEoptim,242,487.9596095688644
55,DFT_CRT,time_scaling,wide,DEoptim,243,487.9596095688644
55,DFT_CRT,time_scaling,wide,DEoptim,244,487.9596095688644
55,DFT_CRT,time_scaling,wide,DEoptim,245,487.9596095688644
55,DFT_CRT,time_scaling,wide,DEoptim,246,487.9596095688644
55,DFT_CRT,time_scaling,wide,DEoptim,247,487.9596095688644
55,DFT_CRT,time_scaling,wide,DEoptim,248,487.9596095688644
55,DFT_CRT,time_scaling,wide,DEoptim,249,487.9596095688644
55,DFT_CRT,time_scaling,wide,DEoptim,250,487.9596095688644
55,DFT_CRT,time_scaling,wide,DEoptim,251,487.9596095688644
55,DFT_CRT,time_scaling,wide,DEoptim,252,487.9596095688644
55,DFT_CRT,time_scaling,wide,DEoptim,253,487.9596095688644
55,DFT_CRT,time_scaling,wide,DEoptim,254,487.9596095688644
55,DFT_CRT,time_scaling,wide,DEoptim,255,487.9596095688644
55,DFT_CRT,time_scaling,wide,DEoptim,256,487.9596095688644
55,DFT_CRT,time_scaling,wide,DEoptim,257,487.9596095688644
55,DFT_CRT,time_scaling,wide,DEoptim,258,487.9596095688644
55,DFT_CRT,time_scaling,wide,DEoptim,259,487.9596095688644
55,DFT_CRT,time_scaling,wide,DEoptim,260,487.9596095688644
55,DFT_CRT,time_scaling,wide,DEoptim,261,487.9596095688644
55,DFT_CRT,time_scaling,wide,DEoptim,262,487.9596095688644
55,DFT_CRT,time_scaling,wide,DEoptim,263,487.9596095688644
55,DFT_CRT,time_scaling,wide,DEoptim,264,487.9596095688644
55,DFT_CRT,time_scaling,wide,DEoptim,265,487.9596095688644
55,DFT_CRT,time_scaling,wide,DEoptim,266,487.9596095688644
55,DFT_CRT,time_scaling,wide,DEoptim,267,487.9596095688644
55,DFT_CRT,time_scaling,wide,DEoptim,268,487.95216290983825
55,DFT_CRT,time_scaling,wide,DEoptim,269,487.95216290983825
55,DFT_CRT,time_scaling,wide,DEoptim,270,487.95216290983825
55,DFT_CRT,time_scaling,wide,DEoptim,271,487.95216290983825
55,DFT_CRT,time_scaling,wide,DEoptim,272,487.95216290983825
55,DFT_CRT,time_scaling,wide,DEoptim,273,487.9500364716534
55,DFT_CRT,time_scaling,wide,DEoptim,274,487.9500364716534
55,DFT_CRT,time_scaling,wide,DEoptim,275,487.9500364716534
55,DFT_CRT,time_scaling,wide,DEoptim,276,487.9500364716534
55,DFT_CRT,time_scaling,wide,DEoptim,277,487.9500364716534
55,DFT_CRT,time_scaling,wide,DEoptim,278,487.9500364716534
55,DFT_CRT,time_scaling,wide,DEoptim,279,487.9500364716534
55,DFT_CRT,time_scaling,wide,DEoptim,280,487.9500364716534
55,DFT_CRT,time_scaling,wide,DEoptim,281,487.9500364716534
55,DFT_CRT,time_scaling,wide,DEoptim,282,487.9500364716534
55,DFT_CRT,time_scaling,wide,DEoptim,283,487.9500364716534
55,DFT_CRT,time_scaling,wide,DEoptim,284,487.9500364716534
55,DFT_CRT,time_scaling,wide,DEoptim,285,487.9500364716534
55,DFT_CRT,time_scaling,wide,DEoptim,286,487.9500364716534
55,DFT_CRT,time_scaling,wide,DEoptim,287,487.9500364716534
55,DFT_CRT,time_scaling,wide,DEoptim,288,487.9500364716534
55,DFT_CRT,time_scaling,wide,DEoptim,289,487.9500364716534
55,DFT_CRT,time_scaling,wide,DEoptim,290,487.9500364716534
55,DFT_CRT,time_scaling,wide,DEoptim,291,487.9500364716534
55,DFT_CRT,time_scaling,wide,DEoptim,292,487.9500364716534
55,DFT_CRT,time_scaling,wide,DEoptim,293,487.9500364716534
55,DFT_CRT,time_scaling,wide,DEoptim,294,487.9500364716534
55,DFT_CRT,time_scaling,wide,DEoptim,295,487.9500364716534
55,DFT_CRT,time_scaling,wide,DEoptim,296,487.9500364716534
55,DFT_CRT,time_scaling,wide,DEoptim,297,487.9500364716534
55,DFT_CRT,time_scaling,wide,DEoptim,298,487.9500364716534
55,DFT_CRT,time_scaling,wide,DEoptim,299,487.9500364716534
55,DFT_CRT,time_scaling,wide,DEoptim,300,487.9500364716534
55,DFT_CRT,time_scaling,wide,DEoptim,301,487.9500364716534
55,DFT_CRT,time_scaling,wide,DEoptim,302,487.9500364716534
55,DFT_CRT,time_scaling,wide,DEoptim,303,487.9500364716534
55,DFT_CRT,time_scaling,wide,DEoptim,304,487.9500364716534
55,DFT_CRT,time_scaling,wide,DEoptim,305,487.9500364716534
55,DFT_CRT,time_scaling,wide,DEoptim,306,487.9500364716534
55,DFT_CRT,time_scaling,wide,DEoptim,307,487.93682010649695
55,DFT_CRT,time_scaling,wide,DEoptim,308,487.93682010649695
55,DFT_CRT,time_scaling,wide,DEoptim,309,487.93682010649695
55,DFT_CRT,time_scaling,wide,DEoptim,310,487.93682010649695
55,DFT_CRT,time_scaling,wide,DEoptim,311,487.93682010649695
55,DFT_CRT,time_scaling,wide,DEoptim,312,487.93682010649695
55,DFT_CRT,time_scaling,wide,DEoptim,313,487.93682010649695
55,DFT_CRT,time_scaling,wide,DEoptim,314,487.93682010649695
55,DFT_CRT,time_scaling,wide,DEoptim,315,487.93682010649695
55,DFT_CRT,time_scaling,wide,DEoptim,316,487.93682010649695
55,DFT_CRT,time_scaling,wide,DEoptim,317,487.93682010649695
55,DFT_CRT,time_scaling,wide,DEoptim,318,487.93682010649695
55,DFT_CRT,time_scaling,wide,DEoptim,319,487.9342814848454
55,DFT_CRT,time_scaling,wide,DEoptim,320,487.92148474764707
55,DFT_CRT,time_scaling,wide,DEoptim,321,487.92148474764707
55,DFT_CRT,time_scaling,wide,DEoptim,322,487.92148474764707
55,DFT_CRT,time_scaling,wide,DEoptim,323,487.9162755447323
55,DFT_CRT,time_scaling,wide,DEoptim,324,487.9162755447323
55,DFT_CRT,time_scaling,wide,DEoptim,325,487.9162755447323
55,DFT_CRT,time_scaling,wide,DEoptim,326,487.9162755447323
55,DFT_CRT,time_scaling,wide,DEoptim,327,487.9162755447323
55,DFT_CRT,time_scaling,wide,DEoptim,328,487.9162755447323
55,DFT_CRT,time_scaling,wide,DEoptim,329,487.90315790215647
55,DFT_CRT,time_scaling,wide,DEoptim,330,487.90315790215647
55,DFT_CRT,time_scaling,wide,DEoptim,331,487.90315790215647
55,DFT_CRT,time_scaling,wide,DEoptim,332,487.90315790215647
55,DFT_CRT,time_scaling,wide,DEoptim,333,487.90315790215647
55,DFT_CRT,time_scaling,wide,DEoptim,334,487.90315790215647
55,DFT_CRT,time_scaling,wide,DEoptim,335,487.90315790215647
55,DFT_CRT,time_scaling,wide,DEoptim,336,487.90315790215647
55,DFT_CRT,time_scaling,wide,DEoptim,337,487.90315790215647
55,DFT_CRT,time_scaling,wide,DEoptim,338,487.90315790215647
55,DFT_CRT,time_scaling,wide,DEoptim,339,487.90315790215647
55,DFT_CRT,time_scaling,wide,DEoptim,340,487.90315790215647
55,DFT_CRT,time_scaling,wide,DEoptim,341,487.90315790215647
55,DFT_CRT,time_scaling,wide,DEoptim,342,487.90315790215647
55,DFT_CRT,time_scaling,wide,DEoptim,343,487.90315790215647
55,DFT_CRT,time_scaling,wide,DEoptim,344,487.893899779201
55,DFT_CRT,time_scaling,wide,DEoptim,345,487.8923675701791
55,DFT_CRT,time_scaling,wide,DEoptim,346,487.8923675701791
55,DFT_CRT,time_scaling,wide,DEoptim,347,487.8923675701791
55,DFT_CRT,time_scaling,wide,DEoptim,348,487.8923675701791
55,DFT_CRT,time_scaling,wide,DEoptim,349,487.8923675701791
55,DFT_CRT,time_scaling,wide,DEoptim,350,487.8923675701791
55,DFT_CRT,time_scaling,wide,DEoptim,351,487.8923675701791
55,DFT_CRT,time_scaling,wide,DEoptim,352,487.8708774992853
55,DFT_CRT,time_scaling,wide,DEoptim,353,487.8708774992853
55,DFT_CRT,time_scaling,wide,DEoptim,354,487.8708774992853
55,DFT_CRT,time_scaling,wide,DEoptim,355,487.8708774992853
55,DFT_CRT,time_scaling,wide,DEoptim,356,487.8708774992853
55,DFT_CRT,time_scaling,wide,DEoptim,357,487.8708774992853
55,DFT_CRT,time_scaling,wide,DEoptim,358,487.8708774992853
55,DFT_CRT,time_scaling,wide,DEoptim,359,487.8708774992853
55,DFT_CRT,time_scaling,wide,DEoptim,360,487.8708774992853
55,DFT_CRT,time_scaling,wide,DEoptim,361,487.8708774992853
55,DFT_CRT,time_scaling,wide,DEoptim,362,487.8708774992853
55,DFT_CRT,time_scaling,wide,DEoptim,363,487.8708774992853
55,DFT_CRT,time_scaling,wide,DEoptim,364,487.8708774992853
55,DFT_CRT,time_scaling,wide,DEoptim,365,487.8708774992853
55,DFT_CRT,time_scaling,wide,DEoptim,366,487.8708774992853
55,DFT_CRT,time_scaling,wide,DEoptim,367,487.8708774992853
55,DFT_CRT,time_scaling,wide,DEoptim,368,487.8708774992853
55,DFT_CRT,time_scaling,wide,DEoptim,369,487.8708774992853
55,DFT_CRT,time_scaling,wide,DEoptim,370,487.8708774992853
55,DFT_CRT,time_scaling,wide,DEoptim,371,487.8708774992853
55,DFT_CRT,time_scaling,wide,DEoptim,372,487.8708774992853
55,DFT_CRT,time_scaling,wide,DEoptim,373,487.8708774992853
55,DFT_CRT,time_scaling,wide,DEoptim,374,487.8708774992853
55,DFT_CRT,time_scaling,wide,DEoptim,375,487.8708774992853
55,DFT_CRT,time_scaling,wide,DEoptim,376,487.86622949617623
55,DFT_CRT,time_scaling,wide,DEoptim,377,487.86622949617623
55,DFT_CRT,time_scaling,wide,DEoptim,378,487.86622949617623
55,DFT_CRT,time_scaling,wide,DEoptim,379,487.86622949617623
55,DFT_CRT,time_scaling,wide,DEoptim,380,487.8657437684012
55,DFT_CRT,time_scaling,wide,DEoptim,381,487.8657437684012
55,DFT_CRT,time_scaling,wide,DEoptim,382,487.8657437684012
55,DFT_CRT,time_scaling,wide,DEoptim,383,487.8657437684012
55,DFT_CRT,time_scaling,wide,DEoptim,384,487.8657437684012
55,DFT_CRT,time_scaling,wide,DEoptim,385,487.8657437684012
55,DFT_CRT,time_scaling,wide,DEoptim,386,487.8657437684012
55,DFT_CRT,time_scaling,wide,DEoptim,387,487.8657437684012
55,DFT_CRT,time_scaling,wide,DEoptim,388,487.8657437684012
55,DFT_CRT,time_scaling,wide,DEoptim,389,487.8657437684012
55,DFT_CRT,time_scaling,wide,DEoptim,390,487.8657437684012
55,DFT_CRT,time_scaling,wide,DEoptim,391,487.8657437684012
55,DFT_CRT,time_scaling,wide,DEoptim,392,487.8657437684012
55,DFT_CRT,time_scaling,wide,DEoptim,393,487.8657437684012
55,DFT_CRT,time_scaling,wide,DEoptim,394,487.8657437684012
55,DFT_CRT,time_scaling,wide,DEoptim,395,487.8657437684012
55,DFT_CRT,time_scaling,wide,DEoptim,396,487.8657437684012
55,DFT_CRT,time_scaling,wide,DEoptim,397,487.8657437684012
55,DFT_CRT,time_scaling,wide,DEoptim,398,487.8657437684012
55,DFT_CRT,time_scaling,wide,DEoptim,399,487.8657437684012
55,DFT_CRT,time_scaling,wide,DEoptim,400,487.8657437684012
55,DFT_CRT,time_scaling,wide,DEoptim,401,487.8657437684012
55,DFT_CRT,time_scaling,wide,DEoptim,402,487.8657437684012
55,DFT_CRT,time_scaling,wide,DEoptim,403,487.8657437684012
55,DFT_CRT,time_scaling,wide,DEoptim,404,487.8657437684012
55,DFT_CRT,time_scaling,wide,DEoptim,405,487.8657437684012
55,DFT_CRT,time_scaling,wide,DEoptim,406,487.8657437684012
55,DFT_CRT,time_scaling,wide,DEoptim,407,487.8657437684012
55,DFT_CRT,time_scaling,wide,DEoptim,408,487.8657437684012
55,DFT_CRT,time_scaling,wide,DEoptim,409,487.8657437684012
55,DFT_CRT,time_scaling,wide,DEoptim,410,487.8657437684012
55,DFT_CRT,time_scaling,wide,DEoptim,411,487.8657437684012
55,DFT_CRT,time_scaling,wide,DEoptim,412,487.8657437684012
55,DFT_CRT,time_scaling,wide,DEoptim,413,487.8657437684012
55,DFT_CRT,time_scaling,wide,DEoptim,414,487.8657437684012
55,DFT_CRT,time_scaling,wide,DEoptim,415,487.8657437684012
55,DFT_CRT,time_scaling,wide,DEoptim,416,487.8657437684012
55,DFT_CRT,time_scaling,wide,DEoptim,417,487.8657437684012
55,DFT_CRT,time_scaling,wide,DEoptim,418,487.8657437684012
55,DFT_CRT,time_scaling,wide,DEoptim,419,487.8657437684012
55,DFT_CRT,time_scaling,wide,DEoptim,420,487.8657437684012
55,DFT_CRT,time_scaling,wide,DEoptim,421,487.8657437684012
55,DFT_CRT,time_scaling,wide,DEoptim,422,487.8657437684012
55,DFT_CRT,time_scaling,wide,DEoptim,423,487.8657437684012
55,DFT_CRT,time_scaling,wide,DEoptim,424,487.8657437684012
55,DFT_CRT,time_scaling,wide,DEoptim,425,487.8657437684012
55,DFT_CRT,time_scaling,wide,DEoptim,426,487.8657437684012
55,DFT_CRT,time_scaling,wide,DEoptim,427,487.8657437684012
55,DFT_CRT,time_scaling,wide,DEoptim,428,487.8657437684012
55,DFT_CRT,time_scaling,wide,DEoptim,429,487.8657437684012
55,DFT_CRT,time_scaling,wide,DEoptim,430,487.8657437684012
55,DFT_CRT,time_scaling,wide,DEoptim,431,487.8657437684012
55,DFT_CRT,time_scaling,wide,DEoptim,432,487.8657437684012
55,DFT_CRT,time_scaling,wide,DEoptim,433,487.8643228092772
55,DFT_CRT,time_scaling,wide,DEoptim,434,487.8643228092772
55,DFT_CRT,time_scaling,wide,DEoptim,435,487.8643228092772
55,DFT_CRT,time_scaling,wide,DEoptim,436,487.8643228092772
55,DFT_CRT,time_scaling,wide,DEoptim,437,487.8643228092772
55,DFT_CRT,time_scaling,wide,DEoptim,438,487.8643228092772
55,DFT_CRT,time_scaling,wide,DEoptim,439,487.8643228092772
55,DFT_CRT,time_scaling,wide,DEoptim,440,487.8643228092772
55,DFT_CRT,time_scaling,wide,DEoptim,441,487.8643228092772
55,DFT_CRT,time_scaling,wide,DEoptim,442,487.8641337388692
55,DFT_CRT,time_scaling,wide,DEoptim,443,487.864019411754
55,DFT_CRT,time_scaling,wide,DEoptim,444,487.864019411754
55,DFT_CRT,time_scaling,wide,DEoptim,445,487.864019411754
55,DFT_CRT,time_scaling,wide,DEoptim,446,487.864019411754
55,DFT_CRT,time_scaling,wide,DEoptim,447,487.864019411754
55,DFT_CRT,time_scaling,wide,DEoptim,448,487.864019411754
55,DFT_CRT,time_scaling,wide,DEoptim,449,487.864019411754
55,DFT_CRT,time_scaling,wide,DEoptim,450,487.864019411754
55,DFT_CRT,time_scaling,wide,DEoptim,451,487.864019411754
55,DFT_CRT,time_scaling,wide,DEoptim,452,487.864019411754
55,DFT_CRT,time_scaling,wide,DEoptim,453,487.864019411754
55,DFT_CRT,time_scaling,wide,DEoptim,454,487.864019411754
55,DFT_CRT,time_scaling,wide,DEoptim,455,487.864019411754
55,DFT_CRT,time_scaling,wide,DEoptim,456,487.864019411754
55,DFT_CRT,time_scaling,wide,DEoptim,457,487.8631007932072
55,DFT_CRT,time_scaling,wide,DEoptim,458,487.8631007932072
55,DFT_CRT,time_scaling,wide,DEoptim,459,487.8631007932072
55,DFT_CRT,time_scaling,wide,DEoptim,460,487.8631007932072
55,DFT_CRT,time_scaling,wide,DEoptim,461,487.8631007932072
55,DFT_CRT,time_scaling,wide,DEoptim,462,487.8631007932072
55,DFT_CRT,time_scaling,wide,DEoptim,463,487.8631007932072
55,DFT_CRT,time_scaling,wide,DEoptim,464,487.8631007932072
55,DFT_CRT,time_scaling,wide,DEoptim,465,487.8631007932072
55,DFT_CRT,time_scaling,wide,DEoptim,466,487.8631007932072
55,DFT_CRT,time_scaling,wide,DEoptim,467,487.8631007932072
55,DFT_CRT,time_scaling,wide,DEoptim,468,487.8631007932072
55,DFT_CRT,time_scaling,wide,DEoptim,469,487.8631007932072
55,DFT_CRT,time_scaling,wide,DEoptim,470,487.8631007932072
55,DFT_CRT,time_scaling,wide,DEoptim,471,487.8631007932072
55,DFT_CRT,time_scaling,wide,DEoptim,472,487.8631007932072
55,DFT_CRT,time_scaling,wide,DEoptim,473,487.8631007932072
55,DFT_CRT,time_scaling,wide,DEoptim,474,487.8631007932072
55,DFT_CRT,time_scaling,wide,DEoptim,475,487.8631007932072
55,DFT_CRT,time_scaling,wide,DEoptim,476,487.8631007932072
55,DFT_CRT,time_scaling,wide,DEoptim,477,487.8631007932072
55,DFT_CRT,time_scaling,wide,DEoptim,478,487.8631007932072
55,DFT_CRT,time_scaling,wide,DEoptim,479,487.8631007932072
55,DFT_CRT,time_scaling,wide,DEoptim,480,487.8631007932072
55,DFT_CRT,time_scaling,wide,DEoptim,481,487.8631007932072
55,DFT_CRT,time_scaling,wide,DEoptim,482,487.8631007932072
55,DFT_CRT,time_scaling,wide,DEoptim,483,487.8631007932072
55,DFT_CRT,time_scaling,wide,DEoptim,484,487.8631007932072
55,DFT_CRT,time_scaling,wide,DEoptim,485,487.8631007932072
55,DFT_CRT,time_scaling,wide,DEoptim,486,487.8631007932072
55,DFT_CRT,time_scaling,wide,DEoptim,487,487.8631007932072
55,DFT_CRT,time_scaling,wide,DEoptim,488,487.8631007932072
55,DFT_CRT,time_scaling,wide,DEoptim,489,487.8631007932072
55,DFT_CRT,time_scaling,wide,DEoptim,490,487.8631007932072
55,DFT_CRT,time_scaling,wide,DEoptim,491,487.8631007932072
55,DFT_CRT,time_scaling,wide,DEoptim,492,487.8631007932072
55,DFT_CRT,time_scaling,wide,DEoptim,493,487.8631007932072
55,DFT_CRT,time_scaling,wide,DEoptim,494,487.8631007932072
55,DFT_CRT,time_scaling,wide,DEoptim,495,487.8631007932072
55,DFT_CRT,time_scaling,wide,DEoptim,496,487.8631007932072
55,DFT_CRT,time_scaling,wide,DEoptim,497,487.8631007932072
55,DFT_CRT,time_scaling,wide,DEoptim,498,487.8631007932072
55,DFT_CRT,time_scaling,wide,DEoptim,499,487.8631007932072
55,DFT_CRT,time_scaling,wide,DEoptim,500,487.8631007932072
55,DFT_CRT,time_scaling,wide,DEoptim,501,487.8631007932072
55,DFT_CRT,time_scaling,wide,DEoptim,502,487.8631007932072
55,DFT_CRT,time_scaling,wide,DEoptim,503,487.8631007932072
55,DFT_CRT,time_scaling,wide,DEoptim,504,487.8631007932072
55,DFT_CRT,time_scaling,wide,DEoptim,505,487.8631007932072
55,DFT_CRT,time_scaling,wide,DEoptim,506,487.8631007932072
55,DFT_CRT,time_scaling,wide,DEoptim,507,487.8631007932072
55,DFT_CRT,time_scaling,wide,DEoptim,508,487.8631007932072
55,DFT_CRT,time_scaling,wide,DEoptim,509,487.8631007932072
55,DFT_CRT,time_scaling,wide,DEoptim,510,487.8631007932072
55,DFT_CRT,time_scaling,wide,DEoptim,511,487.8631007932072
55,DFT_CRT,time_scaling,wide,DEoptim,512,487.8631007932072
55,DFT_CRT,time_scaling,wide,DEoptim,513,487.8631007932072
55,DFT_CRT,time_scaling,wide,DEoptim,514,487.8631007932072
55,DFT_CRT,time_scaling,wide,DEoptim,515,487.8631007932072
55,DFT_CRT,time_scaling,wide,DEoptim,516,487.8631007932072
55,DFT_CRT,time_scaling,wide,DEoptim,517,487.8631007932072
55,DFT_CRT,time_scaling,wide,DEoptim,518,487.8631007932072
55,DFT_CRT,time_scaling,wide,DEoptim,519,487.8631007932072
55,DFT_CRT,time_scaling,wide,DEoptim,520,487.8631007932072
55,DFT_CRT,time_scaling,wide,DEoptim,521,487.8631007932072
55,DFT_CRT,time_scaling,wide,DEoptim,522,487.8631007932072
55,DFT_CRT,time_scaling,wide,DEoptim,523,487.8631007932072
55,DFT_CRT,time_scaling,wide,DEoptim,524,487.8631007932072
55,DFT_CRT,time_scaling,wide,DEoptim,525,487.8631007932072
55,DFT_CRT,time_scaling,wide,DEoptim,526,487.8631007932072
55,DFT_CRT,time_scaling,wide,DEoptim,527,487.8631007932072
55,DFT_CRT,time_scaling,wide,DEoptim,528,487.8631007932072
55,DFT_CRT,time_scaling,wide,DEoptim,529,487.8631007932072
55,DFT_CRT,time_scaling,wide,DEoptim,530,487.8631007932072
55,DFT_CRT,time_scaling,wide,DEoptim,531,487.8631007932072
55,DFT_CRT,time_scaling,wide,DEoptim,532,487.8631007932072
55,DFT_CRT,time_scaling,wide,DEoptim,533,487.8631007932072
55,DFT_CRT,time_scaling,wide,DEoptim,534,487.8631007932072
55,DFT_CRT,time_scaling,wide,DEoptim,535,487.8631007932072
55,DFT_CRT,time_scaling,wide,DEoptim,536,487.8631007932072
55,DFT_CRT,time_scaling,wide,DEoptim,537,487.8631007932072
55,DFT_CRT,time_scaling,wide,DEoptim,538,487.8631007932072
55,DFT_CRT,time_scaling,wide,DEoptim,539,487.8631007932072
55,DFT_CRT,time_scaling,wide,DEoptim,540,487.8631007932072
55,DFT_CRT,time_scaling,wide,DEoptim,541,487.8631007932072
55,DFT_CRT,time_scaling,wide,DEoptim,542,487.8631007932072
55,DFT_CRT,time_scaling,wide,DEoptim,543,487.8631007932072
55,DFT_CRT,time_scaling,wide,DEoptim,544,487.8620570261213
55,DFT_CRT,time_scaling,wide,DEoptim,545,487.8620570261213
55,DFT_CRT,time_scaling,wide,DEoptim,546,487.8620570261213
55,DFT_CRT,time_scaling,wide,DEoptim,547,487.8620570261213
55,DFT_CRT,time_scaling,wide,DEoptim,548,487.8620570261213
55,DFT_CRT,time_scaling,wide,DEoptim,549,487.8620570261213
55,DFT_CRT,time_scaling,wide,DEoptim,550,487.8620570261213
55,DFT_CRT,time_scaling,wide,DEoptim,551,487.8620570261213
55,DFT_CRT,time_scaling,wide,DEoptim,552,487.8620570261213
55,DFT_CRT,time_scaling,wide,DEoptim,553,487.8620570261213
55,DFT_CRT,time_scaling,wide,DEoptim,554,487.8620570261213
55,DFT_CRT,time_scaling,wide,DEoptim,555,487.86166679587257
55,DFT_CRT,time_scaling,wide,DEoptim,556,487.86166679587257
55,DFT_CRT,time_scaling,wide,DEoptim,557,487.86166679587257
55,DFT_CRT,time_scaling,wide,DEoptim,558,487.86166679587257
55,DFT_CRT,time_scaling,wide,DEoptim,559,487.86166679587257
55,DFT_CRT,time_scaling,wide,DEoptim,560,487.86166679587257
55,DFT_CRT,time_scaling,wide,DEoptim,561,487.86166679587257
55,DFT_CRT,time_scaling,wide,DEoptim,562,487.86166679587257
55,DFT_CRT,time_scaling,wide,DEoptim,563,487.86166679587257
55,DFT_CRT,time_scaling,wide,DEoptim,564,487.86166679587257
55,DFT_CRT,time_scaling,wide,DEoptim,565,487.86166679587257
55,DFT_CRT,time_scaling,wide,DEoptim,566,487.86166679587257
55,DFT_CRT,time_scaling,wide,DEoptim,567,487.8614398246114
55,DFT_CRT,time_scaling,wide,DEoptim,568,487.8610974283773
55,DFT_CRT,time_scaling,wide,DEoptim,569,487.8610974283773
55,DFT_CRT,time_scaling,wide,DEoptim,570,487.8610974283773
55,DFT_CRT,time_scaling,wide,DEoptim,571,487.8610974283773
55,DFT_CRT,time_scaling,wide,DEoptim,572,487.8610974283773
55,DFT_CRT,time_scaling,wide,DEoptim,573,487.8610974283773
55,DFT_CRT,time_scaling,wide,DEoptim,574,487.8610974283773
55,DFT_CRT,time_scaling,wide,DEoptim,575,487.8610974283773
55,DFT_CRT,time_scaling,wide,DEoptim,576,487.8610974283773
55,DFT_CRT,time_scaling,wide,DEoptim,577,487.8610974283773
55,DFT_CRT,time_scaling,wide,DEoptim,578,487.8610974283773
55,DFT_CRT,time_scaling,wide,DEoptim,579,487.8610974283773
55,DFT_CRT,time_scaling,wide,DEoptim,580,487.8610974283773
55,DFT_CRT,time_scaling,wide,DEoptim,581,487.8610974283773
55,DFT_CRT,time_scaling,wide,DEoptim,582,487.8610974283773
55,DFT_CRT,time_scaling,wide,DEoptim,583,487.8610974283773
55,DFT_CRT,time_scaling,wide,DEoptim,584,487.8610974283773
55,DFT_CRT,time_scaling,wide,DEoptim,585,487.8610974283773
55,DFT_CRT,time_scaling,wide,DEoptim,586,487.8610974283773
55,DFT_CRT,time_scaling,wide,DEoptim,587,487.8610974283773
55,DFT_CRT,time_scaling,wide,DEoptim,588,487.8610974283773
55,DFT_CRT,time_scaling,wide,DEoptim,589,487.8610974283773
55,DFT_CRT,time_scaling,wide,DEoptim,590,487.8610974283773
55,DFT_CRT,time_scaling,wide,DEoptim,591,487.8610974283773
55,DFT_CRT,time_scaling,wide,DEoptim,592,487.8610974283773
55,DFT_CRT,time_scaling,wide,DEoptim,593,487.8610974283773
55,DFT_CRT,time_scaling,wide,DEoptim,594,487.8610974283773
55,DFT_CRT,time_scaling,wide,DEoptim,595,487.8610974283773
55,DFT_CRT,time_scaling,wide,DEoptim,596,487.8610974283773
55,DFT_CRT,time_scaling,wide,DEoptim,597,487.8610974283773
55,DFT_CRT,time_scaling,wide,DEoptim,598,487.8610974283773
55,DFT_CRT,time_scaling,wide,DEoptim,599,487.8610974283773
55,DFT_CRT,time_scaling,wide,DEoptim,600,487.8610974283773
55,DFT_CRT,time_scaling,wide,DEoptim,601,487.8610974283773
55,DFT_CRT,time_scaling,wide,DEoptim,602,487.8609101869666
55,DFT_CRT,time_scaling,wide,DEoptim,603,487.8609101869666
55,DFT_CRT,time_scaling,wide,DEoptim,604,487.86087640947403
55,DFT_CRT,time_scaling,wide,DEoptim,605,487.860428118253
55,DFT_CRT,time_scaling,wide,DEoptim,606,487.860428118253
55,DFT_CRT,time_scaling,wide,DEoptim,607,487.860428118253
55,DFT_CRT,time_scaling,wide,DEoptim,608,487.860428118253
55,DFT_CRT,time_scaling,wide,DEoptim,609,487.860428118253
55,DFT_CRT,time_scaling,wide,DEoptim,610,487.860428118253
55,DFT_CRT,time_scaling,wide,DEoptim,611,487.860428118253
55,DFT_CRT,time_scaling,wide,DEoptim,612,487.860428118253
55,DFT_CRT,time_scaling,wide,DEoptim,613,487.86038528383546
55,DFT_CRT,time_scaling,wide,DEoptim,614,487.86038528383546
55,DFT_CRT,time_scaling,wide,DEoptim,615,487.8603424144689
55,DFT_CRT,time_scaling,wide,DEoptim,616,487.8603424144689
55,DFT_CRT,time_scaling,wide,DEoptim,617,487.8603424144689
55,DFT_CRT,time_scaling,wide,DEoptim,618,487.8603424144689
55,DFT_CRT,time_scaling,wide,DEoptim,619,487.8603424144689
55,DFT_CRT,time_scaling,wide,DEoptim,620,487.8603110914151
55,DFT_CRT,time_scaling,wide,DEoptim,621,487.8603110914151
55,DFT_CRT,time_scaling,wide,DEoptim,622,487.8603110914151
55,DFT_CRT,time_scaling,wide,DEoptim,623,487.8600251105697
55,DFT_CRT,time_scaling,wide,DEoptim,624,487.8600251105697
55,DFT_CRT,time_scaling,wide,DEoptim,625,487.8600251105697
55,DFT_CRT,time_scaling,wide,DEoptim,626,487.8600251105697
55,DFT_CRT,time_scaling,wide,DEoptim,627,487.8600251105697
55,DFT_CRT,time_scaling,wide,DEoptim,628,487.8600251105697
55,DFT_CRT,time_scaling,wide,DEoptim,629,487.8600251105697
55,DFT_CRT,time_scaling,wide,DEoptim,630,487.8600251105697
55,DFT_CRT,time_scaling,wide,DEoptim,631,487.8600251105697
55,DFT_CRT,time_scaling,wide,DEoptim,632,487.8600251105697
55,DFT_CRT,time_scaling,wide,DEoptim,633,487.8600251105697
55,DFT_CRT,time_scaling,wide,DEoptim,634,487.8600251105697
55,DFT_CRT,time_scaling,wide,DEoptim,635,487.8600251105697
55,DFT_CRT,time_scaling,wide,DEoptim,636,487.8599450577304
55,DFT_CRT,time_scaling,wide,DEoptim,637,487.85979113194037
55,DFT_CRT,time_scaling,wide,DEoptim,638,487.85979113194037
55,DFT_CRT,time_scaling,wide,DEoptim,639,487.85979113194037
55,DFT_CRT,time_scaling,wide,DEoptim,640,487.85979113194037
55,DFT_CRT,time_scaling,wide,DEoptim,641,487.85979113194037
55,DFT_CRT,time_scaling,wide,DEoptim,642,487.85979113194037
55,DFT_CRT,time_scaling,wide,DEoptim,643,487.85979113194037
55,DFT_CRT,time_scaling,wide,DEoptim,644,487.85979113194037
55,DFT_CRT,time_scaling,wide,DEoptim,645,487.85979113194037
55,DFT_CRT,time_scaling,wide,DEoptim,646,487.85979113194037
55,DFT_CRT,time_scaling,wide,DEoptim,647,487.85979113194037
55,DFT_CRT,time_scaling,wide,DEoptim,648,487.85979113194037
55,DFT_CRT,time_scaling,wide,DEoptim,649,487.85979113194037
55,DFT_CRT,time_scaling,wide,DEoptim,650,487.85979113194037
55,DFT_CRT,time_scaling,wide,DEoptim,651,487.85979113194037
55,DFT_CRT,time_scaling,wide,DEoptim,652,487.85979113194037
55,DFT_CRT,time_scaling,wide,DEoptim,653,487.85979113194037
55,DFT_CRT,time_scaling,wide,DEoptim,654,487.859649233706
55,DFT_CRT,time_scaling,wide,DEoptim,655,487.85959934348887
55,DFT_CRT,time_scaling,wide,DEoptim,656,487.85959934348887
55,DFT_CRT,time_scaling,wide,DEoptim,657,487.85951898265284
55,DFT_CRT,time_scaling,wide,DEoptim,658,487.85951898265284
55,DFT_CRT,time_scaling,wide,DEoptim,659,487.85951898265284
55,DFT_CRT,time_scaling,wide,DEoptim,660,487.85951898265284
55,DFT_CRT,time_scaling,wide,DEoptim,661,487.85951898265284
55,DFT_CRT,time_scaling,wide,DEoptim,662,487.85951898265284
55,DFT_CRT,time_scaling,wide,DEoptim,663,487.85951898265284
55,DFT_CRT,time_scaling,wide,DEoptim,664,487.85951898265284
55,DFT_CRT,time_scaling,wide,DEoptim,665,487.85951898265284
55,DFT_CRT,time_scaling,wide,DEoptim,666,487.85951898265284
55,DFT_CRT,time_scaling,wide,DEoptim,667,487.85951898265284
55,DFT_CRT,time_scaling,wide,DEoptim,668,487.85951898265284
55,DFT_CRT,time_scaling,wide,DEoptim,669,487.85951898265284
55,DFT_CRT,time_scaling,wide,DEoptim,670,487.85951898265284
55,DFT_CRT,time_scaling,wide,DEoptim,671,487.8595124634827
55,DFT_CRT,time_scaling,wide,DEoptim,672,487.8595124634827
55,DFT_CRT,time_scaling,wide,DEoptim,673,487.8595124634827
55,DFT_CRT,time_scaling,wide,DEoptim,674,487.8595124634827
55,DFT_CRT,time_scaling,wide,DEoptim,675,487.8595124634827
55,DFT_CRT,time_scaling,wide,DEoptim,676,487.8595124634827
55,DFT_CRT,time_scaling,wide,DEoptim,677,487.8595124634827
55,DFT_CRT,time_scaling,wide,DEoptim,678,487.8595124634827
55,DFT_CRT,time_scaling,wide,DEoptim,679,487.8595124634827
55,DFT_CRT,time_scaling,wide,DEoptim,680,487.8595124634827
55,DFT_CRT,time_scaling,wide,DEoptim,681,487.8595124634827
55,DFT_CRT,time_scaling,wide,DEoptim,682,487.8595124634827
55,DFT_CRT,time_scaling,wide,DEoptim,683,487.8595124634827
55,DFT_CRT,time_scaling,wide,DEoptim,684,487.8595124634827
55,DFT_CRT,time_scaling,wide,DEoptim,685,487.8595124634827
55,DFT_CRT,time_scaling,wide,DEoptim,686,487.8594319756414
55,DFT_CRT,time_scaling,wide,DEoptim,687,487.8594319756414
55,DFT_CRT,time_scaling,wide,DEoptim,688,487.8594319756414
55,DFT_CRT,time_scaling,wide,DEoptim,689,487.8594319756414
55,DFT_CRT,time_scaling,wide,DEoptim,690,487.8594319756414
55,DFT_CRT,time_scaling,wide,DEoptim,691,487.8594319756414
55,DFT_CRT,time_scaling,wide,DEoptim,692,487.8594319756414
55,DFT_CRT,time_scaling,wide,DEoptim,693,487.8594319756414
55,DFT_CRT,time_scaling,wide,DEoptim,694,487.8594319756414
55,DFT_CRT,time_scaling,wide,DEoptim,695,487.8594319756414
55,DFT_CRT,time_scaling,wide,DEoptim,696,487.8594319756414
55,DFT_CRT,time_scaling,wide,DEoptim,697,487.8594319756414
55,DFT_CRT,time_scaling,wide,DEoptim,698,487.8594319756414
55,DFT_CRT,time_scaling,wide,DEoptim,699,487.8594319756414
55,DFT_CRT,time_scaling,wide,DEoptim,700,487.8594319756414
55,DFT_CRT,time_scaling,wide,DEoptim,701,487.8594319756414
55,DFT_CRT,time_scaling,wide,DEoptim,702,487.8594319756414
55,DFT_CRT,time_scaling,wide,DEoptim,703,487.8594319756414
55,DFT_CRT,time_scaling,wide,DEoptim,704,487.8594319756414
55,DFT_CRT,time_scaling,wide,DEoptim,705,487.8594319756414
55,DFT_CRT,time_scaling,wide,DEoptim,706,487.8594319756414
55,DFT_CRT,time_scaling,wide,DEoptim,707,487.8594319756414
55,DFT_CRT,time_scaling,wide,DEoptim,708,487.8594319756414
55,DFT_CRT,time_scaling,wide,DEoptim,709,487.8594319756414
55,DFT_CRT,time_scaling,wide,DEoptim,710,487.8594319756414
55,DFT_CRT,time_scaling,wide,DEoptim,711,487.8594319756414
55,DFT_CRT,time_scaling,wide,DEoptim,712,487.8594319756414
55,DFT_CRT,time_scaling,wide,DEoptim,713,487.8594319756414
55,DFT_CRT,time_scaling,wide,DEoptim,714,487.8594319756414
55,DFT_CRT,time_scaling,wide,DEoptim,715,487.85942243665596
55,DFT_CRT,time_scaling,wide,DEoptim,716,487.85942243665596
55,DFT_CRT,time_scaling,wide,DEoptim,717,487.8594203627007
55,DFT_CRT,time_scaling,wide,DEoptim,718,487.8594203627007
55,DFT_CRT,time_scaling,wide,DEoptim,719,487.8594203627007
55,DFT_CRT,time_scaling,wide,DEoptim,720,487.8594203627007
55,DFT_CRT,time_scaling,wide,DEoptim,721,487.8594203627007
55,DFT_CRT,time_scaling,wide,DEoptim,722,487.8594203627007
55,DFT_CRT,time_scaling,wide,DEoptim,723,487.8594203627007
55,DFT_CRT,time_scaling,wide,DEoptim,724,487.8594203627007
55,DFT_CRT,time_scaling,wide,DEoptim,725,487.8594203627007
55,DFT_CRT,time_scaling,wide,DEoptim,726,487.8594203627007
55,DFT_CRT,time_scaling,wide,DEoptim,727,487.8594203627007
55,DFT_CRT,time_scaling,wide,DEoptim,728,487.8594203627007
55,DFT_CRT,time_scaling,wide,DEoptim,729,487.8594203627007
55,DFT_CRT,time_scaling,wide,DEoptim,730,487.8594203627007
55,DFT_CRT,time_scaling,wide,DEoptim,731,487.8594203627007
55,DFT_CRT,time_scaling,wide,DEoptim,732,487.8594203627007
55,DFT_CRT,time_scaling,wide,DEoptim,733,487.8594203627007
55,DFT_CRT,time_scaling,wide,DEoptim,734,487.8594203627007
55,DFT_CRT,time_scaling,wide,DEoptim,735,487.8594203627007
55,DFT_CRT,time_scaling,wide,DEoptim,736,487.8594203627007
55,DFT_CRT,time_scaling,wide,DEoptim,737,487.8594203627007
55,DFT_CRT,time_scaling,wide,DEoptim,738,487.8594203627007
55,DFT_CRT,time_scaling,wide,DEoptim,739,487.8594203627007
55,DFT_CRT,time_scaling,wide,DEoptim,740,487.8594203627007
55,DFT_CRT,time_scaling,wide,DEoptim,741,487.8594112527772
55,DFT_CRT,time_scaling,wide,DEoptim,742,487.8594112527772
55,DFT_CRT,time_scaling,wide,DEoptim,743,487.8593987316882
55,DFT_CRT,time_scaling,wide,DEoptim,744,487.8593987316882
55,DFT_CRT,time_scaling,wide,DEoptim,745,4.257521688567133e-96
55,DFT_CRT,time_scaling,wide,DEoptim,746,5.829983011290796e-144
55,DFT_CRT,time_scaling,wide,DEoptim,747,13378129467774362e232
55,DFT_CRT,time_scaling,wide,DEoptim,748,7670155410670779e197
55,DFT_CRT,time_scaling,wide,DEoptim,749,5.142607127590161e-72
55,DFT_CRT,time_scaling,wide,DEoptim,750,5.1486790787715305e-62
55,DFT_CRT,time_scaling,wide,DEoptim,751,2118166608955558e270
55,DFT_CRT,time_scaling,wide,DEoptim,752,6.793485500845916e-144
55,DFT_CRT,time_scaling,wide,DEoptim,753,2610784366674446e165
55,DFT_CRT,time_scaling,wide,DEoptim,754,6.129092600355285e-144
55,DFT_CRT,time_scaling,wide,DEoptim,755,6.468205482154829e-144
55,DFT_CRT,time_scaling,wide,DEoptim,756,7893303014413662e150
55,DFT_CRT,time_scaling,wide,DEoptim,757,4.316296763235406e-96
55,DFT_CRT,time_scaling,wide,DEoptim,758,3.861401571037509e-86
55,DFT_CRT,time_scaling,wide,DEoptim,759,1.1493046381149876e-28
55,DFT_CRT,time_scaling,wide,DEoptim,760,1.14955115714775e-28
55,DFT_CRT,time_scaling,wide,DEoptim,761,7.730759071863824e-144
55,DFT_CRT,time_scaling,wide,DEoptim,762,1.7499385315670154e-33
55,DFT_CRT,time_scaling,wide,DEoptim,763,11451137975065735e227
55,DFT_CRT,time_scaling,wide,DEoptim,764,8.371445498970012e-144
55,DFT_CRT,time_scaling,wide,DEoptim,765,3.855907138490171e-57
55,DFT_CRT,time_scaling,wide,DEoptim,766,1.148072340266789e-28
55,DFT_CRT,time_scaling,wide,DEoptim,767,5.80875930056234e-144
55,DFT_CRT,time_scaling,wide,DEoptim,768,9.428610097635486e-143
55,DFT_CRT,time_scaling,wide,DEoptim,769,1.7387802293613442e-76
55,DFT_CRT,time_scaling,wide,DEoptim,770,6.449425891095238e-144
55,DFT_CRT,time_scaling,wide,DEoptim,771,7671271985282857e136
55,DFT_CRT,time_scaling,wide,DEoptim,772,1.1490581190856763e-28
55,DFT_CRT,time_scaling,wide,DEoptim,773,4.259418166765855e-96
55,DFT_CRT,time_scaling,wide,DEoptim,774,4.257521688567133e-96
55,DFT_CRT,time_scaling,wide,DEoptim,775,7.108813588339002e-144
55,DFT_CRT,time_scaling,wide,DEoptim,776,18942346629521685e198
55,DFT_CRT,time_scaling,wide,DEoptim,777,17105018144650006e240
55,DFT_CRT,time_scaling,wide,DEoptim,778,5.14260712758836e-72
55,DFT_CRT,time_scaling,wide,DEoptim,779,2.088265951292877e-76
55,DFT_CRT,time_scaling,wide,DEoptim,780,21181665868491443e269
55,DFT_CRT,time_scaling,wide,DEoptim,781,6.793485500845916e-144
55,DFT_CRT,time_scaling,wide,DEoptim,782,2610784366674446e165
55,DFT_CRT,time_scaling,wide,DEoptim,783,6.129092600355285e-144
55,DFT_CRT,time_scaling,wide,DEoptim,784,6.471959540630532e-144
55,DFT_CRT,time_scaling,wide,DEoptim,785,23514396436797673e164
55,DFT_CRT,time_scaling,wide,DEoptim,786,4.316296764214947e-96
55,DFT_CRT,time_scaling,wide,DEoptim,787,3.861401571037509e-86
55,DFT_CRT,time_scaling,wide,DEoptim,788,1.1493046381149876e-28
55,DFT_CRT,time_scaling,wide,DEoptim,789,1.14955115714775e-28
55,DFT_CRT,time_scaling,wide,DEoptim,790,7.730759071713784e-144
55,DFT_CRT,time_scaling,wide,DEoptim,791,1.7499384912320404e-33
55,DFT_CRT,time_scaling,wide,DEoptim,792,1143656011932e231
55,DFT_CRT,time_scaling,wide,DEoptim,793,8.371445498970012e-144
55,DFT_CRT,time_scaling,wide,DEoptim,794,3.37674475202521e-57
55,DFT_CRT,time_scaling,wide,DEoptim,795,1.148072340266789e-28
55,DFT_CRT,time_scaling,wide,DEoptim,796,5.80875930056234e-144
55,DFT_CRT,time_scaling,wide,DEoptim,797,9.428610097635486e-143
55,DFT_CRT,time_scaling,wide,DEoptim,798,1.7387802293613442e-76
55,DFT_CRT,time_scaling,wide,DEoptim,799,6.449425890648902e-144
55,DFT_CRT,time_scaling,wide,DEoptim,800,7671271985282857e136
55,DFT_CRT,time_scaling,wide,DEoptim,801,1.1490581190856763e-28
55,DFT_CRT,time_scaling,wide,DEoptim,802,4.259418166765855e-96
55,DFT_CRT,time_scaling,wide,DEoptim,803,4.257521688567133e-96
55,DFT_CRT,time_scaling,wide,DEoptim,804,4.2648368078715526e-96
55,DFT_CRT,time_scaling,wide,DEoptim,805,7.283712139079958e-143
55,DFT_CRT,time_scaling,wide,DEoptim,806,5249672145286667e218
55,DFT_CRT,time_scaling,wide,DEoptim,807,1.4796767251341754e-76
55,DFT_CRT,time_scaling,wide,DEoptim,808,1.693797928962542e-52
55,DFT_CRT,time_scaling,wide,DEoptim,809,1.392746863523467e-142
55,DFT_CRT,time_scaling,wide,DEoptim,810,4.262161169452832e-96
55,DFT_CRT,time_scaling,wide,DEoptim,811,18178641634838623e169
55,DFT_CRT,time_scaling,wide,DEoptim,812,1.148565081020027e-28
55,DFT_CRT,time_scaling,wide,DEoptim,813,4.259428882163644e-96
55,DFT_CRT,time_scaling,wide,DEoptim,814,6670982989156401e136
55,DFT_CRT,time_scaling,wide,DEoptim,815,1.1490581190856763e-28
55,DFT_CRT,time_scaling,wide,DEoptim,816,4.259418166765855e-96
55,DFT_CRT,time_scaling,wide,DEoptim,817,4.257521688567133e-96
55,DFT_CRT,time_scaling,wide,DEoptim,818,4.2648368078715526e-96
55,DFT_CRT,time_scaling,wide,DEoptim,819,7.283712139079958e-143
55,DFT_CRT,time_scaling,wide,DEoptim,820,5249672145286667e218
55,DFT_CRT,time_scaling,wide,DEoptim,821,1.4796767251341754e-76
55,DFT_CRT,time_scaling,wide,DEoptim,822,9.177675287098006e-72
55,DFT_CRT,time_scaling,wide,DEoptim,823,1.3927468634520546e-142
55,DFT_CRT,time_scaling,wide,DEoptim,824,4.262161169452832e-96
55,DFT_CRT,time_scaling,wide,DEoptim,825,18178641634838623e169
55,DFT_CRT,time_scaling,wide,DEoptim,826,1.148565081020027e-28
55,DFT_CRT,time_scaling,wide,DEoptim,827,4.263057867457764e-96
55,DFT_CRT,time_scaling,wide,DEoptim,828,1439734360143534e199
55,DFT_CRT,time_scaling,wide,DEoptim,829,4.50621299435574e-144
55,DFT_CRT,time_scaling,wide,DEoptim,830,1.5765143032030427e-52
55,DFT_CRT,time_scaling,wide,DEoptim,831,8.371474540701757e-144
55,DFT_CRT,time_scaling,wide,DEoptim,832,8.371479428599936e-144
55,DFT_CRT,time_scaling,wide,DEoptim,833,1.1497976761808657e-28
55,DFT_CRT,time_scaling,wide,DEoptim,834,8.051092371809647e-144
55,DFT_CRT,time_scaling,wide,DEoptim,835,9.42874335491433e-143
55,DFT_CRT,time_scaling,wide,DEoptim,836,2.2153793607188277e-62
55,DFT_CRT,time_scaling,wide,DEoptim,837,6.793578353310278e-144
55,DFT_CRT,time_scaling,wide,DEoptim,838,8.371450107105937e-144
55,DFT_CRT,time_scaling,wide,DEoptim,839,1.1483185619836335e-28
55,DFT_CRT,time_scaling,wide,DEoptim,840,4.31811135338255e-96
55,DFT_CRT,time_scaling,wide,DEoptim,841,3.258172166021359e-86
55,DFT_CRT,time_scaling,wide,DEoptim,842,1.1488116000491103e-28
55,DFT_CRT,time_scaling,wide,DEoptim,843,37550536702031604e183
55,DFT_CRT,time_scaling,wide,DEoptim,844,8.371469652803646e-144
55,DFT_CRT,time_scaling,wide,DEoptim,845,4.506060971247719e-144
55,DFT_CRT,time_scaling,wide,DEoptim,846,4.506055902407716e-144
55,DFT_CRT,time_scaling,wide,DEoptim,847,7.750804342748261e-144
55,DFT_CRT,time_scaling,wide,DEoptim,848,13378129467774362e232
55,DFT_CRT,time_scaling,wide,DEoptim,849,7670155410670779e197
55,DFT_CRT,time_scaling,wide,DEoptim,850,5.142607127590161e-72
55,DFT_CRT,time_scaling,wide,DEoptim,851,6.121025215937334e-62
55,DFT_CRT,time_scaling,wide,DEoptim,852,21181666223370809e269
55,DFT_CRT,time_scaling,wide,DEoptim,853,6.793485500845916e-144
55,DFT_CRT,time_scaling,wide,DEoptim,854,2610784366674446e165
55,DFT_CRT,time_scaling,wide,DEoptim,855,6.129092600355285e-144
55,DFT_CRT,time_scaling,wide,DEoptim,856,5.191877528068955e-144
55,DFT_CRT,time_scaling,wide,DEoptim,857,7893303014413662e150
55,DFT_CRT,time_scaling,wide,DEoptim,858,4.316296763235406e-96
55,DFT_CRT,time_scaling,wide,DEoptim,859,3.861401571037509e-86
55,DFT_CRT,time_scaling,wide,DEoptim,860,1.1493046381149876e-28
55,DFT_CRT,time_scaling,wide,DEoptim,861,1.14955115714775e-28
55,DFT_CRT,time_scaling,wide,DEoptim,862,1.1497976761808613e-28
55,DFT_CRT,time_scaling,wide,DEoptim,863,8.051092371285524e-144
55,DFT_CRT,time_scaling,wide,DEoptim,864,9.42868864207806e-143
55,DFT_CRT,time_scaling,wide,DEoptim,865,2.2153793607188277e-62
55,DFT_CRT,time_scaling,wide,DEoptim,866,7.753307270984547e-144
55,DFT_CRT,time_scaling,wide,DEoptim,867,8.371450107105937e-144
55,DFT_CRT,time_scaling,wide,DEoptim,868,1.1483185619836335e-28
55,DFT_CRT,time_scaling,wide,DEoptim,869,4.31811135338255e-96
55,DFT_CRT,time_scaling,wide,DEoptim,870,3.660325102698549e-86
55,DFT_CRT,time_scaling,wide,DEoptim,871,1.14881160004934e-28
55,DFT_CRT,time_scaling,wide,DEoptim,872,37550536702031604e183
55,DFT_CRT,time_scaling,wide,DEoptim,873,8.371469652803646e-144
55,DFT_CRT,time_scaling,wide,DEoptim,874,4.506060971247719e-144
55,DFT_CRT,time_scaling,wide,DEoptim,875,4.506055902407716e-144
55,DFT_CRT,time_scaling,wide,DEoptim,876,4.259410856042564e-96
55,DFT_CRT,time_scaling,wide,DEoptim,877,9.968639408524333e-143
55,DFT_CRT,time_scaling,wide,DEoptim,878,5331796576433915e213
55,DFT_CRT,time_scaling,wide,DEoptim,879,1.4796767251341776e-76
55,DFT_CRT,time_scaling,wide,DEoptim,880,1.4273705594353102e-71
55,DFT_CRT,time_scaling,wide,DEoptim,881,1.3927468634521e-142
55,DFT_CRT,time_scaling,wide,DEoptim,882,4.262161169452832e-96
55,DFT_CRT,time_scaling,wide,DEoptim,883,18178641634838623e169
55,DFT_CRT,time_scaling,wide,DEoptim,884,1.148565081020027e-28
55,DFT_CRT,time_scaling,wide,DEoptim,885,4.259428882163644e-96
55,DFT_CRT,time_scaling,wide,DEoptim,886,6670982989156401e136
55,DFT_CRT,time_scaling,wide,DEoptim,887,1.1490581190856763e-28
55,DFT_CRT,time_scaling,wide,DEoptim,888,4.259418166765855e-96
55,DFT_CRT,time_scaling,wide,DEoptim,889,4.257521688567133e-96
55,DFT_CRT,time_scaling,wide,DEoptim,890,7.108813588339002e-144
55,DFT_CRT,time_scaling,wide,DEoptim,891,18942346629521685e198
55,DFT_CRT,time_scaling,wide,DEoptim,892,17105018144650006e240
55,DFT_CRT,time_scaling,wide,DEoptim,893,5.14260712758836e-72
55,DFT_CRT,time_scaling,wide,DEoptim,894,1.7428192090890992e-76
55,DFT_CRT,time_scaling,wide,DEoptim,895,21181666045413486e269
55,DFT_CRT,time_scaling,wide,DEoptim,896,6.793485500845916e-144
55,DFT_CRT,time_scaling,wide,DEoptim,897,2610784366674446e165
55,DFT_CRT,time_scaling,wide,DEoptim,898,6.129092600355285e-144
55,DFT_CRT,time_scaling,wide,DEoptim,899,6.476964614789607e-144
55,DFT_CRT,time_scaling,wide,DEoptim,900,7893303014413662e150
55,DFT_CRT,time_scaling,wide,DEoptim,901,4.316296763235406e-96
55,DFT_CRT,time_scaling,wide,DEoptim,902,3.861401571037509e-86
55,DFT_CRT,time_scaling,wide,DEoptim,903,1.1493046381149876e-28
55,DFT_CRT,time_scaling,wide,DEoptim,904,1.14955115714775e-28
55,DFT_CRT,time_scaling,wide,DEoptim,905,7.730759071713784e-144
55,DFT_CRT,time_scaling,wide,DEoptim,906,1.7499385315670154e-33
55,DFT_CRT,time_scaling,wide,DEoptim,907,11451137975065735e227
55,DFT_CRT,time_scaling,wide,DEoptim,908,8.371445498970012e-144
55,DFT_CRT,time_scaling,wide,DEoptim,909,9.168866398196544e-72
55,DFT_CRT,time_scaling,wide,DEoptim,910,1.148072340266789e-28
55,DFT_CRT,time_scaling,wide,DEoptim,911,5.80875930056234e-144
55,DFT_CRT,time_scaling,wide,DEoptim,912,9.428610097635486e-143
55,DFT_CRT,time_scaling,wide,DEoptim,913,1.1395270111142506e-71
55,DFT_CRT,time_scaling,wide,DEoptim,914,6.449425891244404e-144
55,DFT_CRT,time_scaling,wide,DEoptim,915,3512779733465568e136
55,DFT_CRT,time_scaling,wide,DEoptim,916,1.1490581190856763e-28
55,DFT_CRT,time_scaling,wide,DEoptim,917,4.259418166765855e-96
55,DFT_CRT,time_scaling,wide,DEoptim,918,4.257521688567133e-96
55,DFT_CRT,time_scaling,wide,DEoptim,919,4.259350468393398e-96
55,DFT_CRT,time_scaling,wide,DEoptim,920,7.283712139079958e-143
55,DFT_CRT,time_scaling,wide,DEoptim,921,5249672145286667e218
55,DFT_CRT,time_scaling,wide,DEoptim,922,1.4796767251341754e-76
55,DFT_CRT,time_scaling,wide,DEoptim,923,1.8305237889832813e-76
55,DFT_CRT,time_scaling,wide,DEoptim,924,1.3927468634278139e-142
55,DFT_CRT,time_scaling,wide,DEoptim,925,4.262161169452832e-96
55,DFT_CRT,time_scaling,wide,DEoptim,926,18178641634838623e169
55,DFT_CRT,time_scaling,wide,DEoptim,927,1.148565081020027e-28
55,DFT_CRT,time_scaling,wide,DEoptim,928,4.261232659140512e-96
55,DFT_CRT,time_scaling,wide,DEoptim,929,6670982989156401e136
55,DFT_CRT,time_scaling,wide,DEoptim,930,1.1490581190856763e-28
55,DFT_CRT,time_scaling,wide,DEoptim,931,4.259418166765855e-96
55,DFT_CRT,time_scaling,wide,DEoptim,932,4.257521688567133e-96
55,DFT_CRT,time_scaling,wide,DEoptim,933,5.829983011290796e-144
55,DFT_CRT,time_scaling,wide,DEoptim,934,13378129467774362e232
55,DFT_CRT,time_scaling,wide,DEoptim,935,7670155410670779e197
55,DFT_CRT,time_scaling,wide,DEoptim,936,5.142607127590161e-72
55,DFT_CRT,time_scaling,wide,DEoptim,937,1.3973724668853214e-76
55,DFT_CRT,time_scaling,wide,DEoptim,938,21181666001612892e269
55,DFT_CRT,time_scaling,wide,DEoptim,939,6.793485500845916e-144
55,DFT_CRT,time_scaling,wide,DEoptim,940,2610784366674446e165
55,DFT_CRT,time_scaling,wide,DEoptim,941,6.129092600355285e-144
55,DFT_CRT,time_scaling,wide,DEoptim,942,6.476964614789607e-144
55,DFT_CRT,time_scaling,wide,DEoptim,943,7893303014413662e150
55,DFT_CRT,time_scaling,wide,DEoptim,944,4.316296763235406e-96
55,DFT_CRT,time_scaling,wide,DEoptim,945,3.861401571037509e-86
55,DFT_CRT,time_scaling,wide,DEoptim,946,1.1493046381149876e-28
55,DFT_CRT,time_scaling,wide,DEoptim,947,1.14955115714775e-28
55,DFT_CRT,time_scaling,wide,DEoptim,948,1.1497976761810908e-28
55,DFT_CRT,time_scaling,wide,DEoptim,949,8.051092371809647e-144
55,DFT_CRT,time_scaling,wide,DEoptim,950,9.42874335491433e-143
55,DFT_CRT,time_scaling,wide,DEoptim,951,1.451871017840691e-57
55,DFT_CRT,time_scaling,wide,DEoptim,952,6.473254814485368e-144
55,DFT_CRT,time_scaling,wide,DEoptim,953,8.371450107105937e-144
55,DFT_CRT,time_scaling,wide,DEoptim,954,1.1483185619836335e-28
55,DFT_CRT,time_scaling,wide,DEoptim,955,4.31811135338255e-96
55,DFT_CRT,time_scaling,wide,DEoptim,956,3.459248634359954e-86
55,DFT_CRT,time_scaling,wide,DEoptim,957,1.1488116000493384e-28
55,DFT_CRT,time_scaling,wide,DEoptim,958,37634503646130415e183
55,DFT_CRT,time_scaling,wide,DEoptim,959,8.371469652803646e-144
55,DFT_CRT,time_scaling,wide,DEoptim,960,4.506060971247719e-144
55,DFT_CRT,time_scaling,wide,DEoptim,961,4.506055902407716e-144
55,DFT_CRT,time_scaling,wide,DEoptim,962,4.5060656782040796e-144
55,DFT_CRT,time_scaling,wide,DEoptim,963,4.312649065627135e-96
55,DFT_CRT,time_scaling,wide,DEoptim,964,4088103933645383e218
55,DFT_CRT,time_scaling,wide,DEoptim,965,5.186813549673559e-144
55,DFT_CRT,time_scaling,wide,DEoptim,966,3.3754854687088916e-57
55,DFT_CRT,time_scaling,wide,DEoptim,967,5.229979425971853e-72
55,DFT_CRT,time_scaling,wide,DEoptim,968,4.5060683026485e-144
55,DFT_CRT,time_scaling,wide,DEoptim,969,2904149881354473e165
55,DFT_CRT,time_scaling,wide,DEoptim,970,8.371459877007285e-144
55,DFT_CRT,time_scaling,wide,DEoptim,971,4.506060999887456e-144
55,DFT_CRT,time_scaling,wide,DEoptim,972,3762022704451281e184
55,DFT_CRT,time_scaling,wide,DEoptim,973,8.371469652803646e-144
55,DFT_CRT,time_scaling,wide,DEoptim,974,4.506060971247719e-144
55,DFT_CRT,time_scaling,wide,DEoptim,975,4.506055902407716e-144
55,DFT_CRT,time_scaling,wide,DEoptim,976,4.263061272023472e-96
55,DFT_CRT,time_scaling,wide,DEoptim,977,7.283712139079958e-143
55,DFT_CRT,time_scaling,wide,DEoptim,978,5249672145286667e218
55,DFT_CRT,time_scaling,wide,DEoptim,979,1.4796767251341754e-76
55,DFT_CRT,time_scaling,wide,DEoptim,980,2.5257742610783844e-52
55,DFT_CRT,time_scaling,wide,DEoptim,981,1.392746863499508e-142
55,DFT_CRT,time_scaling,wide,DEoptim,982,4.262161169452832e-96
55,DFT_CRT,time_scaling,wide,DEoptim,983,18178641634838623e169
55,DFT_CRT,time_scaling,wide,DEoptim,984,1.148565081020027e-28
55,DFT_CRT,time_scaling,wide,DEoptim,985,4.257589386885301e-96
55,DFT_CRT,time_scaling,wide,DEoptim,986,3483202550526979e213
55,DFT_CRT,time_scaling,wide,DEoptim,987,4.506212994353122e-144
55,DFT_CRT,time_scaling,wide,DEoptim,988,1.5765143032030427e-52
55,DFT_CRT,time_scaling,wide,DEoptim,989,8.371474540701757e-144
55,DFT_CRT,time_scaling,wide,DEoptim,990,8.371479428599936e-144
55,DFT_CRT,time_scaling,wide,DEoptim,991,8.371484316498122e-144
55,DFT_CRT,time_scaling,wide,DEoptim,992,1.1500441952169737e-28
55,DFT_CRT,time_scaling,wide,DEoptim,993,4.318111493510518e-96
55,DFT_CRT,time_scaling,wide,DEoptim,994,3.6462602629333444e-86
55,DFT_CRT,time_scaling,wide,DEoptim,995,5808130125193636e279
55,DFT_CRT,time_scaling,wide,DEoptim,996,9.514981931854935e-53
55,DFT_CRT,time_scaling,wide,DEoptim,997,8.371454989109034e-144
55,DFT_CRT,time_scaling,wide,DEoptim,998,4.506217844325631e-144
55,DFT_CRT,time_scaling,wide,DEoptim,999,4.435771352227962e-38
55,DFT_CRT,time_scaling,wide,DEoptim,1000,8.371464764905391e-144
55,DFT_CRT,time_scaling,wide,DEoptim,1001,31513529148110508e217
55,DFT_CRT,time_scaling,wide,DEoptim,1002,1.4518710413021414e-57
55,DFT_CRT,time_scaling,wide,DEoptim,1003,6.217029227770868e-48
55,DFT_CRT,time_scaling,wide,DEoptim,1004,4.074392246994856e-43
55,DFT_CRT,time_scaling,wide,DEoptim,1005,2.670193773055472e-38
55,DFT_CRT,time_scaling,wide,DEoptim,1006,4.506203244915682e-144
55,DFT_CRT,time_scaling,wide,DEoptim,1007,4263442416816553e165
55,DFT_CRT,time_scaling,wide,DEoptim,1008,1.147839930922494e-28
55,DFT_CRT,time_scaling,wide,DEoptim,1009,1.3141840810136181e-71
55,DFT_CRT,time_scaling,wide,DEoptim,1010,5.488812345587405e-144
55,DFT_CRT,time_scaling,wide,DEoptim,1011,3.3702583307383944e-67
55,DFT_CRT,time_scaling,wide,DEoptim,1012,11415632497365939e227
55,DFT_CRT,time_scaling,wide,DEoptim,1013,2.2153793820290736e-62
55,DFT_CRT,time_scaling,wide,DEoptim,1014,1.4475149356152178e-57
55,DFT_CRT,time_scaling,wide,DEoptim,1015,20264675274972964e251
55,DFT_CRT,time_scaling,wide,DEoptim,1016,6.769759190665868e-144
55,DFT_CRT,time_scaling,wide,DEoptim,1017,5.832544137620899e-144
55,DFT_CRT,time_scaling,wide,DEoptim,1018,5.168161140747349e-144
55,DFT_CRT,time_scaling,wide,DEoptim,1019,3.52610177152033e-57
55,DFT_CRT,time_scaling,wide,DEoptim,1020,3982572371306514e231
55,DFT_CRT,time_scaling,wide,DEoptim,1021,8.371489204396376e-144
55,DFT_CRT,time_scaling,wide,DEoptim,1022,4.506217844961051e-144
55,DFT_CRT,time_scaling,wide,DEoptim,1023,4.4368791479097304e-38
55,DFT_CRT,time_scaling,wide,DEoptim,1024,2.1823083496773707e-94
55,DFT_CRT,time_scaling,wide,DEoptim,1025,2.2064611853497644e-52
55,DFT_CRT,time_scaling,wide,DEoptim,1026,22540560371959833e158
55,DFT_CRT,time_scaling,wide,DEoptim,1027,2.2087329429157406e-62
55,DFT_CRT,time_scaling,wide,DEoptim,1028,8.969023042444431e-67
55,DFT_CRT,time_scaling,wide,DEoptim,1029,800801576850327e145
55,DFT_CRT,time_scaling,wide,DEoptim,1030,9.486435693673665e-53
55,DFT_CRT,time_scaling,wide,DEoptim,1031,7.856272516837054e-67
55,DFT_CRT,time_scaling,wide,DEoptim,1032,7.870608711480654e-77
55,DFT_CRT,time_scaling,wide,DEoptim,1033,2.67822937020931e-38
55,DFT_CRT,time_scaling,wide,DEoptim,1034,7670155385588496e197
55,DFT_CRT,time_scaling,wide,DEoptim,1035,8.371489204396368e-144
55,DFT_CRT,time_scaling,wide,DEoptim,1036,4.50621784470016e-144
55,DFT_CRT,time_scaling,wide,DEoptim,1037,1.0330414278222552e-47
55,DFT_CRT,time_scaling,wide,DEoptim,1038,2.1823072067424377e-94
55,DFT_CRT,time_scaling,wide,DEoptim,1039,2.2064611853497644e-52
55,DFT_CRT,time_scaling,wide,DEoptim,1040,22540560371959833e158
55,DFT_CRT,time_scaling,wide,DEoptim,1041,2.2087329429157406e-62
55,DFT_CRT,time_scaling,wide,DEoptim,1042,7.485380178656841e-67
55,DFT_CRT,time_scaling,wide,DEoptim,1043,800801576850327e145
55,DFT_CRT,time_scaling,wide,DEoptim,1044,9.486435693673665e-53
55,DFT_CRT,time_scaling,wide,DEoptim,1045,7.856272516837054e-67
55,DFT_CRT,time_scaling,wide,DEoptim,1046,7.870608711480654e-77
55,DFT_CRT,time_scaling,wide,DEoptim,1047,5.158082142023478e-72
55,DFT_CRT,time_scaling,wide,DEoptim,1048,1.1497976761810944e-28
55,DFT_CRT,time_scaling,wide,DEoptim,1049,8.051092371809647e-144
55,DFT_CRT,time_scaling,wide,DEoptim,1050,9.42874335491433e-143
55,DFT_CRT,time_scaling,wide,DEoptim,1051,5.158082024936629e-72
55,DFT_CRT,time_scaling,wide,DEoptim,1052,7.115162892821964e-144
55,DFT_CRT,time_scaling,wide,DEoptim,1053,8.371450107105937e-144
55,DFT_CRT,time_scaling,wide,DEoptim,1054,1.1483185619836335e-28
55,DFT_CRT,time_scaling,wide,DEoptim,1055,4.31811135338255e-96
55,DFT_CRT,time_scaling,wide,DEoptim,1056,3.459248634359954e-86
55,DFT_CRT,time_scaling,wide,DEoptim,1057,1.1488116000492251e-28
55,DFT_CRT,time_scaling,wide,DEoptim,1058,4.316296764048399e-96
55,DFT_CRT,time_scaling,wide,DEoptim,1059,3.861401571037509e-86
55,DFT_CRT,time_scaling,wide,DEoptim,1060,1.1493046381149876e-28
55,DFT_CRT,time_scaling,wide,DEoptim,1061,1.14955115714775e-28
55,DFT_CRT,time_scaling,wide,DEoptim,1062,1.1497976761808613e-28
55,DFT_CRT,time_scaling,wide,DEoptim,1063,8.051092371285524e-144
55,DFT_CRT,time_scaling,wide,DEoptim,1064,9.42868864207806e-143
55,DFT_CRT,time_scaling,wide,DEoptim,1065,2.2153793607188277e-62
55,DFT_CRT,time_scaling,wide,DEoptim,1066,5.513476922884315e-144
55,DFT_CRT,time_scaling,wide,DEoptim,1067,8.371450107105937e-144
55,DFT_CRT,time_scaling,wide,DEoptim,1068,1.1483185619836335e-28
55,DFT_CRT,time_scaling,wide,DEoptim,1069,4.31811135338255e-96
55,DFT_CRT,time_scaling,wide,DEoptim,1070,4.4638455210984805e-86
55,DFT_CRT,time_scaling,wide,DEoptim,1071,1.1488116000493381e-28
55,DFT_CRT,time_scaling,wide,DEoptim,1072,37634503646130415e183
55,DFT_CRT,time_scaling,wide,DEoptim,1073,8.371469652803646e-144
55,DFT_CRT,time_scaling,wide,DEoptim,1074,4.506060971247719e-144
55,DFT_CRT,time_scaling,wide,DEoptim,1075,4.506055902407716e-144
55,DFT_CRT,time_scaling,wide,DEoptim,1076,7.750804342748261e-144
55,DFT_CRT,time_scaling,wide,DEoptim,1077,13378129467774362e232
55,DFT_CRT,time_scaling,wide,DEoptim,1078,7670155410670779e197
55,DFT_CRT,time_scaling,wide,DEoptim,1079,5.142607127590161e-72
55,DFT_CRT,time_scaling,wide,DEoptim,1080,8.600826038041199e-43
55,DFT_CRT,time_scaling,wide,DEoptim,1081,21181666177672727e269
55,DFT_CRT,time_scaling,wide,DEoptim,1082,6.793485500845916e-144
55,DFT_CRT,time_scaling,wide,DEoptim,1083,2610784366674446e165
55,DFT_CRT,time_scaling,wide,DEoptim,1084,6.129092600355285e-144
55,DFT_CRT,time_scaling,wide,DEoptim,1085,6.468205482154829e-144
55,DFT_CRT,time_scaling,wide,DEoptim,1086,23514396436797673e164
55,DFT_CRT,time_scaling,wide,DEoptim,1087,4.316296764214947e-96
55,DFT_CRT,time_scaling,wide,DEoptim,1088,3.861401571037509e-86
55,DFT_CRT,time_scaling,wide,DEoptim,1089,1.1493046381149876e-28
55,DFT_CRT,time_scaling,wide,DEoptim,1090,1.14955115714775e-28
55,DFT_CRT,time_scaling,wide,DEoptim,1091,1.1497976761808613e-28
55,DFT_CRT,time_scaling,wide,DEoptim,1092,8.051092371285524e-144
55,DFT_CRT,time_scaling,wide,DEoptim,1093,9.42868864207806e-143
55,DFT_CRT,time_scaling,wide,DEoptim,1094,5.158082024936629e-72
55,DFT_CRT,time_scaling,wide,DEoptim,1095,7.43674248804983e-144
55,DFT_CRT,time_scaling,wide,DEoptim,1096,8.371450107105937e-144
55,DFT_CRT,time_scaling,wide,DEoptim,1097,1.1483185619836335e-28
55,DFT_CRT,time_scaling,wide,DEoptim,1098,4.31811135338255e-96
55,DFT_CRT,time_scaling,wide,DEoptim,1099,3.258172166021359e-86
55,DFT_CRT,time_scaling,wide,DEoptim,1100,1.1488116000494538e-28
55,DFT_CRT,time_scaling,wide,DEoptim,1101,37634503646130415e183
55,DFT_CRT,time_scaling,wide,DEoptim,1102,8.371469652803646e-144
55,DFT_CRT,time_scaling,wide,DEoptim,1103,4.506060971247719e-144
55,DFT_CRT,time_scaling,wide,DEoptim,1104,4.506055902407716e-144
55,DFT_CRT,time_scaling,wide,DEoptim,1105,4.263061272023472e-96
55,DFT_CRT,time_scaling,wide,DEoptim,1106,7.283712139079958e-143
55,DFT_CRT,time_scaling,wide,DEoptim,1107,5249672145286667e218
55,DFT_CRT,time_scaling,wide,DEoptim,1108,1.4796767251341754e-76
55,DFT_CRT,time_scaling,wide,DEoptim,1109,1.3696671389910945e-71
55,DFT_CRT,time_scaling,wide,DEoptim,1110,1.392746863511768e-142
55,DFT_CRT,time_scaling,wide,DEoptim,1111,4.262161169452832e-96
55,DFT_CRT,time_scaling,wide,DEoptim,1112,18178641634838623e169
55,DFT_CRT,time_scaling,wide,DEoptim,1113,1.148565081020027e-28
55,DFT_CRT,time_scaling,wide,DEoptim,1114,4.261257662044198e-96
55,DFT_CRT,time_scaling,wide,DEoptim,1115,3483202550526979e213
55,DFT_CRT,time_scaling,wide,DEoptim,1116,4.506212994353122e-144
55,DFT_CRT,time_scaling,wide,DEoptim,1117,1.5765143032030427e-52
55,DFT_CRT,time_scaling,wide,DEoptim,1118,8.371474540701757e-144
55,DFT_CRT,time_scaling,wide,DEoptim,1119,8.371479428599936e-144
55,DFT_CRT,time_scaling,wide,DEoptim,1120,8.371484316498127e-144
55,DFT_CRT,time_scaling,wide,DEoptim,1121,1.1500441952169737e-28
55,DFT_CRT,time_scaling,wide,DEoptim,1122,4.318111493510518e-96
55,DFT_CRT,time_scaling,wide,DEoptim,1123,3.6462602629333444e-86
55,DFT_CRT,time_scaling,wide,DEoptim,1124,5810634803683147e279
55,DFT_CRT,time_scaling,wide,DEoptim,1125,9.514981931854935e-53
55,DFT_CRT,time_scaling,wide,DEoptim,1126,8.371454989109034e-144
55,DFT_CRT,time_scaling,wide,DEoptim,1127,4.506217844325631e-144
55,DFT_CRT,time_scaling,wide,DEoptim,1128,2.404947619131153e-57
55,DFT_CRT,time_scaling,wide,DEoptim,1129,8.3714647649054e-144
55,DFT_CRT,time_scaling,wide,DEoptim,1130,3151318853771983e218
55,DFT_CRT,time_scaling,wide,DEoptim,1131,1.4518710413021414e-57
55,DFT_CRT,time_scaling,wide,DEoptim,1132,6.217029227770868e-48
55,DFT_CRT,time_scaling,wide,DEoptim,1133,4.074392246994856e-43
55,DFT_CRT,time_scaling,wide,DEoptim,1134,2.67019372050678e-38
55,DFT_CRT,time_scaling,wide,DEoptim,1135,4.506203244915682e-144
55,DFT_CRT,time_scaling,wide,DEoptim,1136,4263442416816553e165
55,DFT_CRT,time_scaling,wide,DEoptim,1137,1.147839930922494e-28
55,DFT_CRT,time_scaling,wide,DEoptim,1138,7.269599952700624e-43
55,DFT_CRT,time_scaling,wide,DEoptim,1139,5.488812345587405e-144
55,DFT_CRT,time_scaling,wide,DEoptim,1140,3.3702583307383944e-67
55,DFT_CRT,time_scaling,wide,DEoptim,1141,11415632497365939e227
55,DFT_CRT,time_scaling,wide,DEoptim,1142,1.4518710318065737e-57
55,DFT_CRT,time_scaling,wide,DEoptim,1143,1.4475149261381944e-57
55,DFT_CRT,time_scaling,wide,DEoptim,1144,5818423473800337e165
55,DFT_CRT,time_scaling,wide,DEoptim,1145,6.769759190665868e-144
55,DFT_CRT,time_scaling,wide,DEoptim,1146,5.832544137620899e-144
55,DFT_CRT,time_scaling,wide,DEoptim,1147,5.168161140747349e-144
55,DFT_CRT,time_scaling,wide,DEoptim,1148,3.52610177152033e-57
55,DFT_CRT,time_scaling,wide,DEoptim,1149,3982572371306514e231
55,DFT_CRT,time_scaling,wide,DEoptim,1150,8.371489204396376e-144
55,DFT_CRT,time_scaling,wide,DEoptim,1151,4.506217844961051e-144
55,DFT_CRT,time_scaling,wide,DEoptim,1152,8.546223840161726e-72
55,DFT_CRT,time_scaling,wide,DEoptim,1153,2.1823083497647102e-94
55,DFT_CRT,time_scaling,wide,DEoptim,1154,2.2064611853497644e-52
55,DFT_CRT,time_scaling,wide,DEoptim,1155,22540560371959833e158
55,DFT_CRT,time_scaling,wide,DEoptim,1156,2.2087329429157406e-62
55,DFT_CRT,time_scaling,wide,DEoptim,1157,3.21494873741112e-57
55,DFT_CRT,time_scaling,wide,DEoptim,1158,5248133214046303e149
55,DFT_CRT,time_scaling,wide,DEoptim,1159,8.4114976920586235e-143
55,DFT_CRT,time_scaling,wide,DEoptim,1160,4.894231245757531e-62
55,DFT_CRT,time_scaling,wide,DEoptim,1161,7.090092481255788e-144
55,DFT_CRT,time_scaling,wide,DEoptim,1162,7.410425776330395e-144
55,DFT_CRT,time_scaling,wide,DEoptim,1163,2.6701937210851786e-38
55,DFT_CRT,time_scaling,wide,DEoptim,1164,4.5062204193860503e-144
55,DFT_CRT,time_scaling,wide,DEoptim,1165,6077806797299741e165
55,DFT_CRT,time_scaling,wide,DEoptim,1166,1.147839930922494e-28
55,DFT_CRT,time_scaling,wide,DEoptim,1167,4.180150003840864e-62
55,DFT_CRT,time_scaling,wide,DEoptim,1168,5.488812345587406e-144
55,DFT_CRT,time_scaling,wide,DEoptim,1169,3.3702583307383944e-67
55,DFT_CRT,time_scaling,wide,DEoptim,1170,11415632497365939e227
55,DFT_CRT,time_scaling,wide,DEoptim,1171,1.4518710318065737e-57
55,DFT_CRT,time_scaling,wide,DEoptim,1172,1.4475149072768808e-57
55,DFT_CRT,time_scaling,wide,DEoptim,1173,20264675274972964e251
55,DFT_CRT,time_scaling,wide,DEoptim,1174,6.769759190665868e-144
55,DFT_CRT,time_scaling,wide,DEoptim,1175,5.832544137620899e-144
55,DFT_CRT,time_scaling,wide,DEoptim,1176,5.168161140747349e-144
55,DFT_CRT,time_scaling,wide,DEoptim,1177,5.808827731280525e-144
55,DFT_CRT,time_scaling,wide,DEoptim,1178,18942346629521685e198
55,DFT_CRT,time_scaling,wide,DEoptim,1179,17105018144650006e240
55,DFT_CRT,time_scaling,wide,DEoptim,1180,5.14260712758836e-72
55,DFT_CRT,time_scaling,wide,DEoptim,1181,2.1069423269719813e-52
55,DFT_CRT,time_scaling,wide,DEoptim,1182,211816659572997e271
55,DFT_CRT,time_scaling,wide,DEoptim,1183,6.793485500845916e-144
55,DFT_CRT,time_scaling,wide,DEoptim,1184,2610784366674446e165
55,DFT_CRT,time_scaling,wide,DEoptim,1185,6.129092600355285e-144
55,DFT_CRT,time_scaling,wide,DEoptim,1186,7.749538701258718e-144
55,DFT_CRT,time_scaling,wide,DEoptim,1187,7893303014413662e150
55,DFT_CRT,time_scaling,wide,DEoptim,1188,4.316296763235406e-96
55,DFT_CRT,time_scaling,wide,DEoptim,1189,3.861401571037509e-86
55,DFT_CRT,time_scaling,wide,DEoptim,1190,1.1493046381149876e-28
55,DFT_CRT,time_scaling,wide,DEoptim,1191,1.14955115714775e-28
55,DFT_CRT,time_scaling,wide,DEoptim,1192,7.730759072011534e-144
55,DFT_CRT,time_scaling,wide,DEoptim,1193,1.7499385315670154e-33
55,DFT_CRT,time_scaling,wide,DEoptim,1194,11451137975065735e227
55,DFT_CRT,time_scaling,wide,DEoptim,1195,8.371445498970012e-144
55,DFT_CRT,time_scaling,wide,DEoptim,1196,7.711029309535203e-43
55,DFT_CRT,time_scaling,wide,DEoptim,1197,1.148072340266789e-28
55,DFT_CRT,time_scaling,wide,DEoptim,1198,5.80875930056234e-144
55,DFT_CRT,time_scaling,wide,DEoptim,1199,9.428610097635486e-143
55,DFT_CRT,time_scaling,wide,DEoptim,1200,1.1395270111142506e-71
55,DFT_CRT,time_scaling,wide,DEoptim,1201,6.449425890798069e-144
55,DFT_CRT,time_scaling,wide,DEoptim,1202,8.411497598705291e-143
55,DFT_CRT,time_scaling,wide,DEoptim,1203,4.894231245757531e-62
55,DFT_CRT,time_scaling,wide,DEoptim,1204,7.090092481255788e-144
55,DFT_CRT,time_scaling,wide,DEoptim,1205,7.410425776330395e-144
55,DFT_CRT,time_scaling,wide,DEoptim,1206,7.730759071858025e-144
55,DFT_CRT,time_scaling,wide,DEoptim,1207,1.7499384912320404e-33
55,DFT_CRT,time_scaling,wide,DEoptim,1208,1143656011932e231
55,DFT_CRT,time_scaling,wide,DEoptim,1209,8.371445498970012e-144
55,DFT_CRT,time_scaling,wide,DEoptim,1210,3.221791662147991e-57
55,DFT_CRT,time_scaling,wide,DEoptim,1211,1.148072340266789e-28
55,DFT_CRT,time_scaling,wide,DEoptim,1212,5.80875930056234e-144
55,DFT_CRT,time_scaling,wide,DEoptim,1213,9.428610097635486e-143
55,DFT_CRT,time_scaling,wide,DEoptim,1214,1.1395270111142506e-71
55,DFT_CRT,time_scaling,wide,DEoptim,1215,6.449425890945197e-144
55,DFT_CRT,time_scaling,wide,DEoptim,1216,8.411497598705291e-143
55,DFT_CRT,time_scaling,wide,DEoptim,1217,4.894231245757531e-62
55,DFT_CRT,time_scaling,wide,DEoptim,1218,7.090092481255788e-144
55,DFT_CRT,time_scaling,wide,DEoptim,1219,7.410425776330395e-144
55,DFT_CRT,time_scaling,wide,DEoptim,1220,7.730759071708858e-144
55,DFT_CRT,time_scaling,wide,DEoptim,1221,1.7499384912320404e-33
55,DFT_CRT,time_scaling,wide,DEoptim,1222,1143656011932e231
55,DFT_CRT,time_scaling,wide,DEoptim,1223,8.371445498970012e-144
55,DFT_CRT,time_scaling,wide,DEoptim,1224,1.4010860743648385e-76
55,DFT_CRT,time_scaling,wide,DEoptim,1225,1.148072340266789e-28
55,DFT_CRT,time_scaling,wide,DEoptim,1226,5.80875930056234e-144
55,DFT_CRT,time_scaling,wide,DEoptim,1227,9.428610097635486e-143
55,DFT_CRT,time_scaling,wide,DEoptim,1228,1.1395270111142506e-71
55,DFT_CRT,time_scaling,wide,DEoptim,1229,6.449425890798069e-144
55,DFT_CRT,time_scaling,wide,DEoptim,1230,8.411497598705291e-143
55,DFT_CRT,time_scaling,wide,DEoptim,1231,4.894231245757531e-62
55,DFT_CRT,time_scaling,wide,DEoptim,1232,7.090092481255788e-144
55,DFT_CRT,time_scaling,wide,DEoptim,1233,7.410425776330395e-144
55,DFT_CRT,time_scaling,wide,DEoptim,1234,2.6701937560492175e-38
55,DFT_CRT,time_scaling,wide,DEoptim,1235,4.506203244915682e-144
55,DFT_CRT,time_scaling,wide,DEoptim,1236,4263442416816553e165
55,DFT_CRT,time_scaling,wide,DEoptim,1237,1.147839930922494e-28
55,DFT_CRT,time_scaling,wide,DEoptim,1238,3.1200065670801125e-33
55,DFT_CRT,time_scaling,wide,DEoptim,1239,5.488812345587408e-144
55,DFT_CRT,time_scaling,wide,DEoptim,1240,3.3702583307383944e-67
55,DFT_CRT,time_scaling,wide,DEoptim,1241,11415632497365939e227
55,DFT_CRT,time_scaling,wide,DEoptim,1242,2.2153793820290736e-62
55,DFT_CRT,time_scaling,wide,DEoptim,1243,1.4475149356152178e-57
55,DFT_CRT,time_scaling,wide,DEoptim,1244,20264675274972964e251
55,DFT_CRT,time_scaling,wide,DEoptim,1245,6.769759190665868e-144
55,DFT_CRT,time_scaling,wide,DEoptim,1246,5.832544137620899e-144
55,DFT_CRT,time_scaling,wide,DEoptim,1247,5.168161140747349e-144
55,DFT_CRT,time_scaling,wide,DEoptim,1248,3.52610177152033e-57
55,DFT_CRT,time_scaling,wide,DEoptim,1249,3982572371306514e231
55,DFT_CRT,time_scaling,wide,DEoptim,1250,8.371489204396376e-144
55,DFT_CRT,time_scaling,wide,DEoptim,1251,4.506217844961051e-144
55,DFT_CRT,time_scaling,wide,DEoptim,1252,2.907753118374121e-33
55,DFT_CRT,time_scaling,wide,DEoptim,1253,2.182308327335686e-94
55,DFT_CRT,time_scaling,wide,DEoptim,1254,2.2064611853497644e-52
55,DFT_CRT,time_scaling,wide,DEoptim,1255,22540560371959833e158
55,DFT_CRT,time_scaling,wide,DEoptim,1256,2.2087329429157406e-62
55,DFT_CRT,time_scaling,wide,DEoptim,1257,2.088262090143982e-76
55,DFT_CRT,time_scaling,wide,DEoptim,1258,5248133214046303e149
55,DFT_CRT,time_scaling,wide,DEoptim,1259,8.4114976920586235e-143
55,DFT_CRT,time_scaling,wide,DEoptim,1260,4.894231245757531e-62
55,DFT_CRT,time_scaling,wide,DEoptim,1261,7.090092481255788e-144
55,DFT_CRT,time_scaling,wide,DEoptim,1262,7.410425776330395e-144
55,DFT_CRT,time_scaling,wide,DEoptim,1263,7.730759071708858e-144
55,DFT_CRT,time_scaling,wide,DEoptim,1264,1.7499384912320404e-33
55,DFT_CRT,time_scaling,wide,DEoptim,1265,1143656011932e231
55,DFT_CRT,time_scaling,wide,DEoptim,1266,8.371445498970012e-144
55,DFT_CRT,time_scaling,wide,DEoptim,1267,4.42796198039888e-62
55,DFT_CRT,time_scaling,wide,DEoptim,1268,1.148072340266789e-28
55,DFT_CRT,time_scaling,wide,DEoptim,1269,5.80875930056234e-144
55,DFT_CRT,time_scaling,wide,DEoptim,1270,9.428610097635486e-143
55,DFT_CRT,time_scaling,wide,DEoptim,1271,7.468004220038352e-67
55,DFT_CRT,time_scaling,wide,DEoptim,1272,6.449425890648028e-144
55,DFT_CRT,time_scaling,wide,DEoptim,1273,3512779733465568e136
55,DFT_CRT,time_scaling,wide,DEoptim,1274,1.1490581190856763e-28
55,DFT_CRT,time_scaling,wide,DEoptim,1275,4.259418166765855e-96
55,DFT_CRT,time_scaling,wide,DEoptim,1276,4.257521688567133e-96
55,DFT_CRT,time_scaling,wide,DEoptim,1277,4.261179248219449e-96
55,DFT_CRT,time_scaling,wide,DEoptim,1278,7.283712139079958e-143
55,DFT_CRT,time_scaling,wide,DEoptim,1279,5249672145286667e218
55,DFT_CRT,time_scaling,wide,DEoptim,1280,1.4796767251341754e-76
55,DFT_CRT,time_scaling,wide,DEoptim,1281,5.058047100188767e-38
55,DFT_CRT,time_scaling,wide,DEoptim,1282,1.3927468634399342e-142
55,DFT_CRT,time_scaling,wide,DEoptim,1283,4.262161169452832e-96
55,DFT_CRT,time_scaling,wide,DEoptim,1284,18178641634838623e169
55,DFT_CRT,time_scaling,wide,DEoptim,1285,1.148565081020027e-28
55,DFT_CRT,time_scaling,wide,DEoptim,1286,4.257600102283091e-96
55,DFT_CRT,time_scaling,wide,DEoptim,1287,1439734360143534e199
55,DFT_CRT,time_scaling,wide,DEoptim,1288,4.50621299435574e-144
55,DFT_CRT,time_scaling,wide,DEoptim,1289,1.5765143032030427e-52
55,DFT_CRT,time_scaling,wide,DEoptim,1290,8.371474540701757e-144
55,DFT_CRT,time_scaling,wide,DEoptim,1291,8.371479428599936e-144
55,DFT_CRT,time_scaling,wide,DEoptim,1292,8.371484316498127e-144
55,DFT_CRT,time_scaling,wide,DEoptim,1293,1.1500441952169737e-28
55,DFT_CRT,time_scaling,wide,DEoptim,1294,4.318111493510518e-96
55,DFT_CRT,time_scaling,wide,DEoptim,1295,3.6462602629333444e-86
55,DFT_CRT,time_scaling,wide,DEoptim,1296,581561937930813e280
55,DFT_CRT,time_scaling,wide,DEoptim,1297,9.514981931854935e-53
55,DFT_CRT,time_scaling,wide,DEoptim,1298,8.371454989109034e-144
55,DFT_CRT,time_scaling,wide,DEoptim,1299,4.506217844325631e-144
55,DFT_CRT,time_scaling,wide,DEoptim,1300,1.3045674336360058e-76
55,DFT_CRT,time_scaling,wide,DEoptim,1301,8.371464764905396e-144
55,DFT_CRT,time_scaling,wide,DEoptim,1302,31513529148110508e217
55,DFT_CRT,time_scaling,wide,DEoptim,1303,1.4518710413021414e-57
55,DFT_CRT,time_scaling,wide,DEoptim,1304,6.217029227770868e-48
55,DFT_CRT,time_scaling,wide,DEoptim,1305,4.074392246994856e-43
55,DFT_CRT,time_scaling,wide,DEoptim,1306,4.26489383166941e-96
55,DFT_CRT,time_scaling,wide,DEoptim,1307,9.968639408524333e-143
55,DFT_CRT,time_scaling,wide,DEoptim,1308,5331796576433915e213
55,DFT_CRT,time_scaling,wide,DEoptim,1309,1.4796767251341776e-76
55,DFT_CRT,time_scaling,wide,DEoptim,1310,8.614798394164902e-43
55,DFT_CRT,time_scaling,wide,DEoptim,1311,1.3927468635117211e-142
55,DFT_CRT,time_scaling,wide,DEoptim,1312,4.262161169452832e-96
55,DFT_CRT,time_scaling,wide,DEoptim,1313,18178641634838623e169
55,DFT_CRT,time_scaling,wide,DEoptim,1314,1.148565081020027e-28
55,DFT_CRT,time_scaling,wide,DEoptim,1315,4.257600102283091e-96
55,DFT_CRT,time_scaling,wide,DEoptim,1316,1439734360143534e199
55,DFT_CRT,time_scaling,wide,DEoptim,1317,4.50621299435574e-144
55,DFT_CRT,time_scaling,wide,DEoptim,1318,1.5765143032030427e-52
55,DFT_CRT,time_scaling,wide,DEoptim,1319,8.371474540701757e-144
55,DFT_CRT,time_scaling,wide,DEoptim,1320,8.371479428599936e-144
55,DFT_CRT,time_scaling,wide,DEoptim,1321,8.371484316498127e-144
55,DFT_CRT,time_scaling,wide,DEoptim,1322,1.1500441952169737e-28
55,DFT_CRT,time_scaling,wide,DEoptim,1323,4.318111493510518e-96
55,DFT_CRT,time_scaling,wide,DEoptim,1324,3.6462602629333444e-86
55,DFT_CRT,time_scaling,wide,DEoptim,1325,5816866836973924e279
55,DFT_CRT,time_scaling,wide,DEoptim,1326,9.514981931854935e-53
55,DFT_CRT,time_scaling,wide,DEoptim,1327,8.371454989109034e-144
55,DFT_CRT,time_scaling,wide,DEoptim,1328,4.506217844325631e-144
55,DFT_CRT,time_scaling,wide,DEoptim,1329,1.3045674336360058e-76
55,DFT_CRT,time_scaling,wide,DEoptim,1330,8.371464764905396e-144
55,DFT_CRT,time_scaling,wide,DEoptim,1331,31513529148110508e217
55,DFT_CRT,time_scaling,wide,DEoptim,1332,1.4518710413021414e-57
55,DFT_CRT,time_scaling,wide,DEoptim,1333,6.217029227770868e-48
55,DFT_CRT,time_scaling,wide,DEoptim,1334,4.074392246994856e-43
55,DFT_CRT,time_scaling,wide,DEoptim,1335,4.26489383166941e-96
55,DFT_CRT,time_scaling,wide,DEoptim,1336,9.968639408524333e-143
55,DFT_CRT,time_scaling,wide,DEoptim,1337,5331796576433915e213
55,DFT_CRT,time_scaling,wide,DEoptim,1338,1.4796767251341776e-76
55,DFT_CRT,time_scaling,wide,DEoptim,1339,7.712712507755801e-43
55,DFT_CRT,time_scaling,wide,DEoptim,1340,1.392746863416301e-142
55,DFT_CRT,time_scaling,wide,DEoptim,1341,4.262161169452832e-96
55,DFT_CRT,time_scaling,wide,DEoptim,1342,18178641634838623e169
55,DFT_CRT,time_scaling,wide,DEoptim,1343,1.148565081020027e-28
55,DFT_CRT,time_scaling,wide,DEoptim,1344,4.261257662044198e-96
55,DFT_CRT,time_scaling,wide,DEoptim,1345,3483202550526979e213
55,DFT_CRT,time_scaling,wide,DEoptim,1346,4.506212994353122e-144
55,DFT_CRT,time_scaling,wide,DEoptim,1347,1.5765143032030427e-52
55,DFT_CRT,time_scaling,wide,DEoptim,1348,8.371474540701757e-144
55,DFT_CRT,time_scaling,wide,DEoptim,1349,8.371479428599936e-144
55,DFT_CRT,time_scaling,wide,DEoptim,1350,8.371484316498127e-144
55,DFT_CRT,time_scaling,wide,DEoptim,1351,1.150044195217377e-28
55,DFT_CRT,time_scaling,wide,DEoptim,1352,4.31811159112148e-96
55,DFT_CRT,time_scaling,wide,DEoptim,1353,3.4451837945947495e-86
55,DFT_CRT,time_scaling,wide,DEoptim,1354,5808144818853237e279
55,DFT_CRT,time_scaling,wide,DEoptim,1355,9.514981931854935e-53
55,DFT_CRT,time_scaling,wide,DEoptim,1356,8.371454989109034e-144
55,DFT_CRT,time_scaling,wide,DEoptim,1357,4.506217844325631e-144
55,DFT_CRT,time_scaling,wide,DEoptim,1358,4.4363453240789493e-38
55,DFT_CRT,time_scaling,wide,DEoptim,1359,8.371464764905394e-144
55,DFT_CRT,time_scaling,wide,DEoptim,1360,4.506212994355295e-144
55,DFT_CRT,time_scaling,wide,DEoptim,1361,1.5765143032030427e-52
55,DFT_CRT,time_scaling,wide,DEoptim,1362,8.371474540701757e-144
55,DFT_CRT,time_scaling,wide,DEoptim,1363,8.371479428599936e-144
55,DFT_CRT,time_scaling,wide,DEoptim,1364,8.371484316498127e-144
55,DFT_CRT,time_scaling,wide,DEoptim,1365,1.1500441952169737e-28
55,DFT_CRT,time_scaling,wide,DEoptim,1366,4.318111493510518e-96
55,DFT_CRT,time_scaling,wide,DEoptim,1367,3.847336731271939e-86
55,DFT_CRT,time_scaling,wide,DEoptim,1368,5813158726108052e279
55,DFT_CRT,time_scaling,wide,DEoptim,1369,9.514981931854935e-53
55,DFT_CRT,time_scaling,wide,DEoptim,1370,8.371454989109034e-144
55,DFT_CRT,time_scaling,wide,DEoptim,1371,4.506217844325631e-144
55,DFT_CRT,time_scaling,wide,DEoptim,1372,8.544090303285945e-72
55,DFT_CRT,time_scaling,wide,DEoptim,1373,8.371464764905396e-144
55,DFT_CRT,time_scaling,wide,DEoptim,1374,3151318853771983e218
55,DFT_CRT,time_scaling,wide,DEoptim,1375,1.4518710413021414e-57
55,DFT_CRT,time_scaling,wide,DEoptim,1376,6.217029227770868e-48
55,DFT_CRT,time_scaling,wide,DEoptim,1377,4.074392246994856e-43
55,DFT_CRT,time_scaling,wide,DEoptim,1378,4.5060658682460856e-144
55,DFT_CRT,time_scaling,wide,DEoptim,1379,4.3190747978675e-96
55,DFT_CRT,time_scaling,wide,DEoptim,1380,20264014440518255e251
55,DFT_CRT,time_scaling,wide,DEoptim,1381,5.186813549673559e-144
55,DFT_CRT,time_scaling,wide,DEoptim,1382,9.963595956875688e-43
55,DFT_CRT,time_scaling,wide,DEoptim,1383,5.22997942597314e-72
55,DFT_CRT,time_scaling,wide,DEoptim,1384,4.5060683026485e-144
55,DFT_CRT,time_scaling,wide,DEoptim,1385,2904149881354473e165
55,DFT_CRT,time_scaling,wide,DEoptim,1386,8.371459877007285e-144
55,DFT_CRT,time_scaling,wide,DEoptim,1387,4.506056045163706e-144
55,DFT_CRT,time_scaling,wide,DEoptim,1388,3762022704451281e184
55,DFT_CRT,time_scaling,wide,DEoptim,1389,8.371469652803646e-144
55,DFT_CRT,time_scaling,wide,DEoptim,1390,4.506060971247719e-144
55,DFT_CRT,time_scaling,wide,DEoptim,1391,4.506055902407716e-144
55,DFT_CRT,time_scaling,wide,DEoptim,1392,4.261250351375409e-96
55,DFT_CRT,time_scaling,wide,DEoptim,1393,9.968639408524333e-143
55,DFT_CRT,time_scaling,wide,DEoptim,1394,5331796576433915e213
55,DFT_CRT,time_scaling,wide,DEoptim,1395,1.4796767251341776e-76
55,DFT_CRT,time_scaling,wide,DEoptim,1396,3.21741121349906e-57
55,DFT_CRT,time_scaling,wide,DEoptim,1397,1.3927468634994611e-142
55,DFT_CRT,time_scaling,wide,DEoptim,1398,4.262161169452832e-96
55,DFT_CRT,time_scaling,wide,DEoptim,1399,18178641634838623e169
55,DFT_CRT,time_scaling,wide,DEoptim,1400,1.148565081020027e-28
55,DFT_CRT,time_scaling,wide,DEoptim,1401,4.264900934299408e-96
55,DFT_CRT,time_scaling,wide,DEoptim,1402,3483202550526979e213
55,DFT_CRT,time_scaling,wide,DEoptim,1403,4.506212994353122e-144
55,DFT_CRT,time_scaling,wide,DEoptim,1404,1.5765143032030427e-52
55,DFT_CRT,time_scaling,wide,DEoptim,1405,8.371474540701757e-144
55,DFT_CRT,time_scaling,wide,DEoptim,1406,8.371479428599936e-144
55,DFT_CRT,time_scaling,wide,DEoptim,1407,8.37148431649812e-144
55,DFT_CRT,time_scaling,wide,DEoptim,1408,1.1500441952169737e-28
55,DFT_CRT,time_scaling,wide,DEoptim,1409,4.318111493510518e-96
55,DFT_CRT,time_scaling,wide,DEoptim,1410,3.6462602629333444e-86
55,DFT_CRT,time_scaling,wide,DEoptim,1411,5808140003595951e279
55,DFT_CRT,time_scaling,wide,DEoptim,1412,9.514981931854935e-53
55,DFT_CRT,time_scaling,wide,DEoptim,1413,8.371454989109034e-144
55,DFT_CRT,time_scaling,wide,DEoptim,1414,4.506217844325631e-144
55,DFT_CRT,time_scaling,wide,DEoptim,1415,8.552929421802084e-72
55,DFT_CRT,time_scaling,wide,DEoptim,1416,8.371464764905391e-144
55,DFT_CRT,time_scaling,wide,DEoptim,1417,4.506212994355295e-144
55,DFT_CRT,time_scaling,wide,DEoptim,1418,1.5765143032030427e-52
55,DFT_CRT,time_scaling,wide,DEoptim,1419,8.371474540701757e-144
55,DFT_CRT,time_scaling,wide,DEoptim,1420,8.371479428599936e-144
55,DFT_CRT,time_scaling,wide,DEoptim,1421,1.1497976761808657e-28
55,DFT_CRT,time_scaling,wide,DEoptim,1422,8.051092371809647e-144
55,DFT_CRT,time_scaling,wide,DEoptim,1423,9.42874335491433e-143
55,DFT_CRT,time_scaling,wide,DEoptim,1424,5.158082024936629e-72
55,DFT_CRT,time_scaling,wide,DEoptim,1425,7.435476674645238e-144
55,DFT_CRT,time_scaling,wide,DEoptim,1426,8.371450107105937e-144
55,DFT_CRT,time_scaling,wide,DEoptim,1427,1.1483185619836335e-28
55,DFT_CRT,time_scaling,wide,DEoptim,1428,4.31811135338255e-96
55,DFT_CRT,time_scaling,wide,DEoptim,1429,3.8614015710371435e-86
55,DFT_CRT,time_scaling,wide,DEoptim,1430,1.148811600049568e-28
55,DFT_CRT,time_scaling,wide,DEoptim,1431,37550536702031604e183
55,DFT_CRT,time_scaling,wide,DEoptim,1432,8.371469652803646e-144
55,DFT_CRT,time_scaling,wide,DEoptim,1433,4.506060971247719e-144
55,DFT_CRT,time_scaling,wide,DEoptim,1434,4.506055902407716e-144
55,DFT_CRT,time_scaling,wide,DEoptim,1435,4.263061272023472e-96
55,DFT_CRT,time_scaling,wide,DEoptim,1436,9.968639408524333e-143
55,DFT_CRT,time_scaling,wide,DEoptim,1437,5331796576433915e213
55,DFT_CRT,time_scaling,wide,DEoptim,1438,1.4796767251341776e-76
55,DFT_CRT,time_scaling,wide,DEoptim,1439,4.470399737170926e-33
55,DFT_CRT,time_scaling,wide,DEoptim,1440,1.3927468634517279e-142
55,DFT_CRT,time_scaling,wide,DEoptim,1441,4.262161169452832e-96
55,DFT_CRT,time_scaling,wide,DEoptim,1442,18178641634838623e169
55,DFT_CRT,time_scaling,wide,DEoptim,1443,1.148565081020027e-28
55,DFT_CRT,time_scaling,wide,DEoptim,1444,4.261232659140512e-96
55,DFT_CRT,time_scaling,wide,DEoptim,1445,3483202550526979e213
55,DFT_CRT,time_scaling,wide,DEoptim,1446,4.506212994353122e-144
55,DFT_CRT,time_scaling,wide,DEoptim,1447,1.5765143032030427e-52
55,DFT_CRT,time_scaling,wide,DEoptim,1448,8.371474540701757e-144
55,DFT_CRT,time_scaling,wide,DEoptim,1449,8.371479428599936e-144
55,DFT_CRT,time_scaling,wide,DEoptim,1450,1.1497976761808657e-28
55,DFT_CRT,time_scaling,wide,DEoptim,1451,8.051092371809647e-144
55,DFT_CRT,time_scaling,wide,DEoptim,1452,9.42874335491433e-143
55,DFT_CRT,time_scaling,wide,DEoptim,1453,2.2153793607188277e-62
55,DFT_CRT,time_scaling,wide,DEoptim,1454,8.068674537513246e-144
55,DFT_CRT,time_scaling,wide,DEoptim,1455,8.371450107105937e-144
55,DFT_CRT,time_scaling,wide,DEoptim,1456,1.1483185619836335e-28
55,DFT_CRT,time_scaling,wide,DEoptim,1457,4.31811135338255e-96
55,DFT_CRT,time_scaling,wide,DEoptim,1458,5.067074926114265e-86
55,DFT_CRT,time_scaling,wide,DEoptim,1459,1.1488116000491088e-28
55,DFT_CRT,time_scaling,wide,DEoptim,1460,4.316296764048399e-96
55,DFT_CRT,time_scaling,wide,DEoptim,1461,3.861401571037509e-86
55,DFT_CRT,time_scaling,wide,DEoptim,1462,1.1493046381149876e-28
55,DFT_CRT,time_scaling,wide,DEoptim,1463,1.14955115714775e-28
55,DFT_CRT,time_scaling,wide,DEoptim,1464,7.730759071863824e-144
55,DFT_CRT,time_scaling,wide,DEoptim,1465,1.7499385315670154e-33
55,DFT_CRT,time_scaling,wide,DEoptim,1466,11451137975065735e227
55,DFT_CRT,time_scaling,wide,DEoptim,1467,8.371445498970012e-144
55,DFT_CRT,time_scaling,wide,DEoptim,1468,4.767635404119922e-38
55,DFT_CRT,time_scaling,wide,DEoptim,1469,1.148072340266789e-28
55,DFT_CRT,time_scaling,wide,DEoptim,1470,5.80875930056234e-144
55,DFT_CRT,time_scaling,wide,DEoptim,1471,9.428610097635486e-143
55,DFT_CRT,time_scaling,wide,DEoptim,1472,3.685016490684274e-33
55,DFT_CRT,time_scaling,wide,DEoptim,1473,6.449425890646863e-144
55,DFT_CRT,time_scaling,wide,DEoptim,1474,8.411497598705291e-143
55,DFT_CRT,time_scaling,wide,DEoptim,1475,4.894231245757531e-62
55,DFT_CRT,time_scaling,wide,DEoptim,1476,7.090092481255788e-144
55,DFT_CRT,time_scaling,wide,DEoptim,1477,7.410425776330395e-144
55,DFT_CRT,time_scaling,wide,DEoptim,1478,2.6701937387040436e-38
55,DFT_CRT,time_scaling,wide,DEoptim,1479,4.5062204193860503e-144
55,DFT_CRT,time_scaling,wide,DEoptim,1480,6077806797299741e165
55,DFT_CRT,time_scaling,wide,DEoptim,1481,1.147839930922494e-28
55,DFT_CRT,time_scaling,wide,DEoptim,1482,7.121664555614269e-67
55,DFT_CRT,time_scaling,wide,DEoptim,1483,5.488812345587407e-144
55,DFT_CRT,time_scaling,wide,DEoptim,1484,3.3702583307383944e-67
55,DFT_CRT,time_scaling,wide,DEoptim,1485,11415632497365939e227
55,DFT_CRT,time_scaling,wide,DEoptim,1486,1.4518710318065737e-57
55,DFT_CRT,time_scaling,wide,DEoptim,1487,1.4475149451293304e-57
55,DFT_CRT,time_scaling,wide,DEoptim,1488,5818423473800337e165
55,DFT_CRT,time_scaling,wide,DEoptim,1489,6.769759190665868e-144
55,DFT_CRT,time_scaling,wide,DEoptim,1490,5.832544137620899e-144
55,DFT_CRT,time_scaling,wide,DEoptim,1491,5.168161140747349e-144
55,DFT_CRT,time_scaling,wide,DEoptim,1492,1.172335296212947e-47
55,DFT_CRT,time_scaling,wide,DEoptim,1493,3982572371306514e231
55,DFT_CRT,time_scaling,wide,DEoptim,1494,8.371489204396376e-144
55,DFT_CRT,time_scaling,wide,DEoptim,1495,4.506217844961051e-144
55,DFT_CRT,time_scaling,wide,DEoptim,1496,1.3038815934122732e-76
55,DFT_CRT,time_scaling,wide,DEoptim,1497,2.1823026527040315e-94
55,DFT_CRT,time_scaling,wide,DEoptim,1498,2.2064611853497644e-52
55,DFT_CRT,time_scaling,wide,DEoptim,1499,22540560371959833e158
55,DFT_CRT,time_scaling,wide,DEoptim,1500,2.2087329429157406e-62
55,DFT_CRT,time_scaling,wide,DEoptim,1501,2.088262090143982e-76
55,DFT_CRT,time_scaling,wide,DEoptim,1502,800801576850327e145
55,DFT_CRT,time_scaling,wide,DEoptim,1503,8.411497143006805e-143
55,DFT_CRT,time_scaling,wide,DEoptim,1504,4.894231245757531e-62
55,DFT_CRT,time_scaling,wide,DEoptim,1505,7.090092481255788e-144
55,DFT_CRT,time_scaling,wide,DEoptim,1506,7.410425776330395e-144
55,DFT_CRT,time_scaling,wide,DEoptim,1507,4.5060756064116374e-144
55,DFT_CRT,time_scaling,wide,DEoptim,1508,4.3190747978675e-96
55,DFT_CRT,time_scaling,wide,DEoptim,1509,20264014440518255e251
55,DFT_CRT,time_scaling,wide,DEoptim,1510,5.186813549673559e-144
55,DFT_CRT,time_scaling,wide,DEoptim,1511,5.397492800719308e-62
55,DFT_CRT,time_scaling,wide,DEoptim,1512,5.229979425972118e-72
55,DFT_CRT,time_scaling,wide,DEoptim,1513,4.5060683026485e-144
55,DFT_CRT,time_scaling,wide,DEoptim,1514,2904149881354473e165
55,DFT_CRT,time_scaling,wide,DEoptim,1515,8.371459877007285e-144
55,DFT_CRT,time_scaling,wide,DEoptim,1516,4.5060658209589046e-144
55,DFT_CRT,time_scaling,wide,DEoptim,1517,5381512235207632e213
55,DFT_CRT,time_scaling,wide,DEoptim,1518,9.48643569367367e-53
55,DFT_CRT,time_scaling,wide,DEoptim,1519,7.856272516837054e-67
55,DFT_CRT,time_scaling,wide,DEoptim,1520,7.870608711480654e-77
55,DFT_CRT,time_scaling,wide,DEoptim,1521,1.4518710507977092e-57
55,DFT_CRT,time_scaling,wide,DEoptim,1522,7670155385588496e197
55,DFT_CRT,time_scaling,wide,DEoptim,1523,8.371489204396368e-144
55,DFT_CRT,time_scaling,wide,DEoptim,1524,4.50621784470016e-144
55,DFT_CRT,time_scaling,wide,DEoptim,1525,8.547329269736778e-72
55,DFT_CRT,time_scaling,wide,DEoptim,1526,2.1823117786045273e-94
55,DFT_CRT,time_scaling,wide,DEoptim,1527,2.2064611853497644e-52
55,DFT_CRT,time_scaling,wide,DEoptim,1528,22540560371959833e158
55,DFT_CRT,time_scaling,wide,DEoptim,1529,2.2087329429157406e-62
55,DFT_CRT,time_scaling,wide,DEoptim,1530,5.048886006380858e-38
55,DFT_CRT,time_scaling,wide,DEoptim,1531,800801576850327e145
55,DFT_CRT,time_scaling,wide,DEoptim,1532,8.411497143006805e-143
55,DFT_CRT,time_scaling,wide,DEoptim,1533,4.894231245757531e-62
55,DFT_CRT,time_scaling,wide,DEoptim,1534,7.090092481255788e-144
55,DFT_CRT,time_scaling,wide,DEoptim,1535,7.410425776330395e-144
55,DFT_CRT,time_scaling,wide,DEoptim,1536,2.6701937560492175e-38
55,DFT_CRT,time_scaling,wide,DEoptim,1537,4.5062204193860503e-144
55,DFT_CRT,time_scaling,wide,DEoptim,1538,6077806797299741e165
55,DFT_CRT,time_scaling,wide,DEoptim,1539,1.147839930922494e-28
55,DFT_CRT,time_scaling,wide,DEoptim,1540,2.2158318825830216e-52
55,DFT_CRT,time_scaling,wide,DEoptim,1541,5.488812345587407e-144
55,DFT_CRT,time_scaling,wide,DEoptim,1542,3.3702583307383944e-67
55,DFT_CRT,time_scaling,wide,DEoptim,1543,11415632497365939e227
55,DFT_CRT,time_scaling,wide,DEoptim,1544,1.4518710318065737e-57
55,DFT_CRT,time_scaling,wide,DEoptim,1545,1.4475149261381944e-57
55,DFT_CRT,time_scaling,wide,DEoptim,1546,20264675274972964e251
55,DFT_CRT,time_scaling,wide,DEoptim,1547,6.769759190665868e-144
55,DFT_CRT,time_scaling,wide,DEoptim,1548,5.832544137620899e-144
55,DFT_CRT,time_scaling,wide,DEoptim,1549,5.168161140747349e-144
55,DFT_CRT,time_scaling,wide,DEoptim,1550,6.449494321739117e-144
55,DFT_CRT,time_scaling,wide,DEoptim,1551,18942346629521685e198
55,DFT_CRT,time_scaling,wide,DEoptim,1552,17105018144650006e240
55,DFT_CRT,time_scaling,wide,DEoptim,1553,5.14260712758836e-72
55,DFT_CRT,time_scaling,wide,DEoptim,1554,9.157811562811087e-72
55,DFT_CRT,time_scaling,wide,DEoptim,1555,2118166582330797e270
55,DFT_CRT,time_scaling,wide,DEoptim,1556,6.793485500845916e-144
55,DFT_CRT,time_scaling,wide,DEoptim,1557,2610784366674446e165
55,DFT_CRT,time_scaling,wide,DEoptim,1558,6.129092600355285e-144
55,DFT_CRT,time_scaling,wide,DEoptim,1559,5.836298005237663e-144
55,DFT_CRT,time_scaling,wide,DEoptim,1560,3925523001091327e237
55,DFT_CRT,time_scaling,wide,DEoptim,1561,6.769759190665868e-144
55,DFT_CRT,time_scaling,wide,DEoptim,1562,5.832544137620899e-144
55,DFT_CRT,time_scaling,wide,DEoptim,1563,5.168161140747349e-144
55,DFT_CRT,time_scaling,wide,DEoptim,1564,6.449494321739117e-144
55,DFT_CRT,time_scaling,wide,DEoptim,1565,18942346629521685e198
55,DFT_CRT,time_scaling,wide,DEoptim,1566,17105018144650006e240
55,DFT_CRT,time_scaling,wide,DEoptim,1567,5.14260712758836e-72
55,DFT_CRT,time_scaling,wide,DEoptim,1568,3.0556248005679056e-57
55,DFT_CRT,time_scaling,wide,DEoptim,1569,21181666134045248e269
55,DFT_CRT,time_scaling,wide,DEoptim,1570,6.793485500845916e-144
55,DFT_CRT,time_scaling,wide,DEoptim,1571,2610784366674446e165
55,DFT_CRT,time_scaling,wide,DEoptim,1572,6.129092600355285e-144
55,DFT_CRT,time_scaling,wide,DEoptim,1573,6.471959540630532e-144
55,DFT_CRT,time_scaling,wide,DEoptim,1574,23514396436797673e164
55,DFT_CRT,time_scaling,wide,DEoptim,1575,4.316296764214947e-96
55,DFT_CRT,time_scaling,wide,DEoptim,1576,3.861401571037509e-86
55,DFT_CRT,time_scaling,wide,DEoptim,1577,1.1493046381149876e-28
55,DFT_CRT,time_scaling,wide,DEoptim,1578,1.14955115714775e-28
55,DFT_CRT,time_scaling,wide,DEoptim,1579,7.730759071713784e-144
55,DFT_CRT,time_scaling,wide,DEoptim,1580,1.7499384912320404e-33
55,DFT_CRT,time_scaling,wide,DEoptim,1581,1143656011932e231
55,DFT_CRT,time_scaling,wide,DEoptim,1582,8.371445498970012e-144
55,DFT_CRT,time_scaling,wide,DEoptim,1583,2.5845573000736526e-57
55,DFT_CRT,time_scaling,wide,DEoptim,1584,1.148072340266789e-28
55,DFT_CRT,time_scaling,wide,DEoptim,1585,5.80875930056234e-144
55,DFT_CRT,time_scaling,wide,DEoptim,1586,9.428610097635486e-143
55,DFT_CRT,time_scaling,wide,DEoptim,1587,8.579847614011433e-43
55,DFT_CRT,time_scaling,wide,DEoptim,1588,6.449425891094072e-144
55,DFT_CRT,time_scaling,wide,DEoptim,1589,7671271985282857e136
55,DFT_CRT,time_scaling,wide,DEoptim,1590,1.1490581190856763e-28
55,DFT_CRT,time_scaling,wide,DEoptim,1591,4.259418166765855e-96
55,DFT_CRT,time_scaling,wide,DEoptim,1592,4.257521688567133e-96
55,DFT_CRT,time_scaling,wide,DEoptim,1593,6.474403507552857e-144
55,DFT_CRT,time_scaling,wide,DEoptim,1594,13378129467774362e232
55,DFT_CRT,time_scaling,wide,DEoptim,1595,7670155410670779e197
55,DFT_CRT,time_scaling,wide,DEoptim,1596,5.142607127590161e-72
55,DFT_CRT,time_scaling,wide,DEoptim,1597,1.5860698769445788e-47
55,DFT_CRT,time_scaling,wide,DEoptim,1598,21181666134394163e269
55,DFT_CRT,time_scaling,wide,DEoptim,1599,6.793485500845916e-144
55,DFT_CRT,time_scaling,wide,DEoptim,1600,2610784366674446e165
55,DFT_CRT,time_scaling,wide,DEoptim,1601,6.129092600355285e-144
55,DFT_CRT,time_scaling,wide,DEoptim,1602,6.476964614789607e-144
55,DFT_CRT,time_scaling,wide,DEoptim,1603,7893303014413662e150
55,DFT_CRT,time_scaling,wide,DEoptim,1604,4.316296763235406e-96
55,DFT_CRT,time_scaling,wide,DEoptim,1605,3.861401571037509e-86
55,DFT_CRT,time_scaling,wide,DEoptim,1606,1.1493046381149876e-28
55,DFT_CRT,time_scaling,wide,DEoptim,1607,1.14955115714775e-28
55,DFT_CRT,time_scaling,wide,DEoptim,1608,1.1497976761810908e-28
55,DFT_CRT,time_scaling,wide,DEoptim,1609,8.051092371285524e-144
55,DFT_CRT,time_scaling,wide,DEoptim,1610,9.42868864207806e-143
55,DFT_CRT,time_scaling,wide,DEoptim,1611,5.158082024936629e-72
55,DFT_CRT,time_scaling,wide,DEoptim,1612,5.195646174244815e-144
55,DFT_CRT,time_scaling,wide,DEoptim,1613,8.371450107105937e-144
55,DFT_CRT,time_scaling,wide,DEoptim,1614,1.1483185619836335e-28
55,DFT_CRT,time_scaling,wide,DEoptim,1615,4.31811135338255e-96
55,DFT_CRT,time_scaling,wide,DEoptim,1616,4.86599845777567e-86
55,DFT_CRT,time_scaling,wide,DEoptim,1617,1.1488116000492242e-28
55,DFT_CRT,time_scaling,wide,DEoptim,1618,4.316296764048399e-96
55,DFT_CRT,time_scaling,wide,DEoptim,1619,3.861401571037509e-86
55,DFT_CRT,time_scaling,wide,DEoptim,1620,1.1493046381149876e-28
55,DFT_CRT,time_scaling,wide,DEoptim,1621,1.14955115714775e-28
55,DFT_CRT,time_scaling,wide,DEoptim,1622,2.6701937736016517e-38
55,DFT_CRT,time_scaling,wide,DEoptim,1623,4.5062204193860503e-144
55,DFT_CRT,time_scaling,wide,DEoptim,1624,6077806797299741e165
55,DFT_CRT,time_scaling,wide,DEoptim,1625,1.147839930922494e-28
55,DFT_CRT,time_scaling,wide,DEoptim,1626,1.0856903387627778e-42
55,DFT_CRT,time_scaling,wide,DEoptim,1627,5.488812345587406e-144
55,DFT_CRT,time_scaling,wide,DEoptim,1628,3.3702583307383944e-67
55,DFT_CRT,time_scaling,wide,DEoptim,1629,11415632497365939e227
55,DFT_CRT,time_scaling,wide,DEoptim,1630,1.4518710318065737e-57
55,DFT_CRT,time_scaling,wide,DEoptim,1631,1.4475149261381944e-57
55,DFT_CRT,time_scaling,wide,DEoptim,1632,31513471235334156e217
55,DFT_CRT,time_scaling,wide,DEoptim,1633,1.4518710413021414e-57
55,DFT_CRT,time_scaling,wide,DEoptim,1634,6.217029227770868e-48
55,DFT_CRT,time_scaling,wide,DEoptim,1635,4.074392246994856e-43
55,DFT_CRT,time_scaling,wide,DEoptim,1636,4.5060609517078756e-144
55,DFT_CRT,time_scaling,wide,DEoptim,1637,4.3190747978675e-96
55,DFT_CRT,time_scaling,wide,DEoptim,1638,20264014440518255e251
55,DFT_CRT,time_scaling,wide,DEoptim,1639,5.186813549673559e-144
55,DFT_CRT,time_scaling,wide,DEoptim,1640,3.2174184497116916e-57
55,DFT_CRT,time_scaling,wide,DEoptim,1641,5.229979425971857e-72
55,DFT_CRT,time_scaling,wide,DEoptim,1642,4.5060683026485e-144
55,DFT_CRT,time_scaling,wide,DEoptim,1643,2904149881354473e165
55,DFT_CRT,time_scaling,wide,DEoptim,1644,8.371459877007285e-144
55,DFT_CRT,time_scaling,wide,DEoptim,1645,4.506070737496969e-144
55,DFT_CRT,time_scaling,wide,DEoptim,1646,5381512235207632e213
55,DFT_CRT,time_scaling,wide,DEoptim,1647,9.48643569367367e-53
55,DFT_CRT,time_scaling,wide,DEoptim,1648,7.856272516837054e-67
55,DFT_CRT,time_scaling,wide,DEoptim,1649,7.870608711480654e-77
55,DFT_CRT,time_scaling,wide,DEoptim,1650,5.158082142023478e-72
55,DFT_CRT,time_scaling,wide,DEoptim,1651,8.371484316498125e-144
55,DFT_CRT,time_scaling,wide,DEoptim,1652,1.1500441952169737e-28
55,DFT_CRT,time_scaling,wide,DEoptim,1653,4.318111493510518e-96
55,DFT_CRT,time_scaling,wide,DEoptim,1654,4.450566136287724e-86
55,DFT_CRT,time_scaling,wide,DEoptim,1655,5809421493502462e279
55,DFT_CRT,time_scaling,wide,DEoptim,1656,9.514981931854935e-53
55,DFT_CRT,time_scaling,wide,DEoptim,1657,8.371454989109034e-144
55,DFT_CRT,time_scaling,wide,DEoptim,1658,4.506217844325631e-144
55,DFT_CRT,time_scaling,wide,DEoptim,1659,4.4363453240789493e-38
55,DFT_CRT,time_scaling,wide,DEoptim,1660,8.371464764905394e-144
55,DFT_CRT,time_scaling,wide,DEoptim,1661,4.506212994355295e-144
55,DFT_CRT,time_scaling,wide,DEoptim,1662,1.5765143032030427e-52
55,DFT_CRT,time_scaling,wide,DEoptim,1663,8.371474540701757e-144
55,DFT_CRT,time_scaling,wide,DEoptim,1664,8.371479428599936e-144
55,DFT_CRT,time_scaling,wide,DEoptim,1665,8.371484316498127e-144
55,DFT_CRT,time_scaling,wide,DEoptim,1666,1.1500441952169737e-28
55,DFT_CRT,time_scaling,wide,DEoptim,1667,4.318111493510518e-96
55,DFT_CRT,time_scaling,wide,DEoptim,1668,4.048413199610534e-86
55,DFT_CRT,time_scaling,wide,DEoptim,1669,5814381762495154e279
55,DFT_CRT,time_scaling,wide,DEoptim,1670,4824108957671509e213
55,DFT_CRT,time_scaling,wide,DEoptim,1671,362633749470601e214
55,DFT_CRT,time_scaling,wide,DEoptim,1672,3886255320001326e270
55,DFT_CRT,time_scaling,wide,DEoptim,1673,27822550784982908e280
55,DFT_CRT,time_scaling,wide,DEoptim,1674,28985100100716656e115
55,DFT_CRT,time_scaling,wide,DEoptim,1675,6873186868022588e213
55,DFT_CRT,time_scaling,wide,DEoptim,1676,6969114272469e187
55,DFT_CRT,time_scaling,wide,DEoptim,1677,5.465998178334073e-95
55,DFT_CRT,time_scaling,wide,DEoptim,1678,6.163994386799838e-71
55,DFT_CRT,time_scaling,wide,DEoptim,1679,9711906415683682e174
55,DFT_CRT,time_scaling,wide,DEoptim,1680,3013511841202559e281
55,DFT_CRT,time_scaling,wide,DEoptim,1681,10375398182687841e227
55,DFT_CRT,time_scaling,wide,DEoptim,1682,3862624584423773e159
55,DFT_CRT,time_scaling,wide,DEoptim,1683,17564392712688688e140
55,DFT_CRT,time_scaling,wide,DEoptim,1684,2.433879321195552e-152
55,DFT_CRT,time_scaling,wide,DEoptim,1685,23484091885692944e235
55,DFT_CRT,time_scaling,wide,DEoptim,1686,1469234446313853e180
55,DFT_CRT,time_scaling,wide,DEoptim,1687,3355246394737566e236
55,DFT_CRT,time_scaling,wide,DEoptim,1688,4244388732727374e160
55,DFT_CRT,time_scaling,wide,DEoptim,1689,9302206750687393e227
55,DFT_CRT,time_scaling,wide,DEoptim,1690,25841504126453296e145
55,DFT_CRT,time_scaling,wide,DEoptim,1691,3713277167006064e146
55,DFT_CRT,time_scaling,wide,DEoptim,1692,2.1807275481926012e-153
55,DFT_CRT,time_scaling,wide,DEoptim,1693,9076801801173452e208
55,DFT_CRT,time_scaling,wide,DEoptim,1694,1.532814605824669e-110
55,DFT_CRT,time_scaling,wide,DEoptim,1695,1.3371698973098203e-152
55,DFT_CRT,time_scaling,wide,DEoptim,1696,580225032625175e166
55,DFT_CRT,time_scaling,wide,DEoptim,1697,1.0347877259940453e-13
55,DFT_CRT,time_scaling,wide,DEoptim,1698,6021760030639008e136
55,DFT_CRT,time_scaling,wide,DEoptim,1699,8.435561241306284e-143
55,DFT_CRT,time_scaling,wide,DEoptim,1700,6.013469535893368e-154
55,DFT_CRT,time_scaling,wide,DEoptim,1701,3671432651424795e213
55,DFT_CRT,time_scaling,wide,DEoptim,1702,3275980942006055e207
55,DFT_CRT,time_scaling,wide,DEoptim,1703,7.488979374664271e-260
55,DFT_CRT,time_scaling,wide,DEoptim,1704,5037360981230119e165
55,DFT_CRT,time_scaling,wide,DEoptim,1705,6101756653553932e232
55,DFT_CRT,time_scaling,wide,DEoptim,1706,4823374333691665e213
55,DFT_CRT,time_scaling,wide,DEoptim,1707,14152812661876233e145
55,DFT_CRT,time_scaling,wide,DEoptim,1708,4825913030009244e261
55,DFT_CRT,time_scaling,wide,DEoptim,1709,6.013346853939815e-154
55,DFT_CRT,time_scaling,wide,DEoptim,1710,47395232034866147e154
55,DFT_CRT,time_scaling,wide,DEoptim,1711,2.590967601544723e-144
55,DFT_CRT,time_scaling,wide,DEoptim,1712,2.4365154204290686e-154
55,DFT_CRT,time_scaling,wide,DEoptim,1713,5.981422457291052e-154
55,DFT_CRT,time_scaling,wide,DEoptim,1714,8828793109315448e184
55,DFT_CRT,time_scaling,wide,DEoptim,1715,6.575725076508639e-260
55,DFT_CRT,time_scaling,wide,DEoptim,1716,754705824384565e238
55,DFT_CRT,time_scaling,wide,DEoptim,1717,2.3178567579923205e-152
55,DFT_CRT,time_scaling,wide,DEoptim,1718,6.013344831670612e-154
55,DFT_CRT,time_scaling,wide,DEoptim,1719,3.3381015585442503e-28
55,DFT_CRT,time_scaling,wide,DEoptim,1720,12984656457579327e168
55,DFT_CRT,time_scaling,wide,DEoptim,1721,2.18072750814767e-153
55,DFT_CRT,time_scaling,wide,DEoptim,1722,3671432651424795e213
55,DFT_CRT,time_scaling,wide,DEoptim,1723,8.635044307316783e-260
55,DFT_CRT,time_scaling,wide,DEoptim,1724,7876998780286516e261
55,DFT_CRT,time_scaling,wide,DEoptim,1725,3999117478551667e237
55,DFT_CRT,time_scaling,wide,DEoptim,1726,1.2784949356801097e-152
55,DFT_CRT,time_scaling,wide,DEoptim,1727,39838926026189914e236
55,DFT_CRT,time_scaling,wide,DEoptim,1728,31118756652620374e159
55,DFT_CRT,time_scaling,wide,DEoptim,1729,1181109627466446e228
55,DFT_CRT,time_scaling,wide,DEoptim,1730,5.9814738775968e-154
55,DFT_CRT,time_scaling,wide,DEoptim,1731,7.100050448332406e-154
55,DFT_CRT,time_scaling,wide,DEoptim,1732,1948093181012294e212
55,DFT_CRT,time_scaling,wide,DEoptim,1733,12715652642439173e216
55,DFT_CRT,time_scaling,wide,DEoptim,1734,4916767589583234e136
55,DFT_CRT,time_scaling,wide,DEoptim,1735,7520301459118104e184
55,DFT_CRT,time_scaling,wide,DEoptim,1736,2.9237262699073053e+222
55,DFT_CRT,time_scaling,wide,DEoptim,1737,754705847165808e238
55,DFT_CRT,time_scaling,wide,DEoptim,1738,5.1689932966679e-109
55,DFT_CRT,time_scaling,wide,DEoptim,1739,7.98868961e-315
55,DFT_CRT,time_scaling,wide,DEoptim,1740,0
55,DFT_CRT,time_scaling,wide,DEoptim,1741,0
55,DFT_CRT,time_scaling,wide,DEoptim,1742,0
55,DFT_CRT,time_scaling,wide,DEoptim,1743,0
55,DFT_CRT,time_scaling,wide,DEoptim,1744,0
55,DFT_CRT,time_scaling,wide,DEoptim,1745,0
55,DFT_CRT,time_scaling,wide,DEoptim,1746,0
55,DFT_CRT,time_scaling,wide,DEoptim,1747,0
55,DFT_CRT,time_scaling,wide,DEoptim,1748,0
55,DFT_CRT,time_scaling,wide,DEoptim,1749,0
55,DFT_CRT,time_scaling,wide,DEoptim,1750,0
55,DFT_CRT,time_scaling,wide,DEoptim,1751,0
55,DFT_CRT,time_scaling,wide,DEoptim,1752,0
55,DFT_CRT,time_scaling,wide,DEoptim,1753,0
55,DFT_CRT,time_scaling,wide,DEoptim,1754,0
55,DFT_CRT,time_scaling,wide,DEoptim,1755,0
55,DFT_CRT,time_scaling,wide,DEoptim,1756,0
55,DFT_CRT,time_scaling,wide,DEoptim,1757,0
55,DFT_CRT,time_scaling,wide,DEoptim,1758,0
55,DFT_CRT,time_scaling,wide,DEoptim,1759,0
55,DFT_CRT,time_scaling,wide,DEoptim,1760,0
55,DFT_CRT,time_scaling,wide,DEoptim,1761,0
55,DFT_CRT,time_scaling,wide,DEoptim,1762,0
55,DFT_CRT,time_scaling,wide,DEoptim,1763,0
55,DFT_CRT,time_scaling,wide,DEoptim,1764,0
55,DFT_CRT,time_scaling,wide,DEoptim,1765,0
55,DFT_CRT,time_scaling,wide,DEoptim,1766,0
55,DFT_CRT,time_scaling,wide,DEoptim,1767,0
55,DFT_CRT,time_scaling,wide,DEoptim,1768,0
55,DFT_CRT,time_scaling,wide,DEoptim,1769,0
55,DFT_CRT,time_scaling,wide,DEoptim,1770,0
55,DFT_CRT,time_scaling,wide,DEoptim,1771,0
55,DFT_CRT,time_scaling,wide,DEoptim,1772,0
55,DFT_CRT,time_scaling,wide,DEoptim,1773,0
55,DFT_CRT,time_scaling,wide,DEoptim,1774,0
55,DFT_CRT,time_scaling,wide,DEoptim,1775,0
55,DFT_CRT,time_scaling,wide,DEoptim,1776,0
55,DFT_CRT,time_scaling,wide,DEoptim,1777,0
55,DFT_CRT,time_scaling,wide,DEoptim,1778,0
55,DFT_CRT,time_scaling,wide,DEoptim,1779,0
55,DFT_CRT,time_scaling,wide,DEoptim,1780,0
55,DFT_CRT,time_scaling,wide,DEoptim,1781,0
55,DFT_CRT,time_scaling,wide,DEoptim,1782,0
55,DFT_CRT,time_scaling,wide,DEoptim,1783,0
55,DFT_CRT,time_scaling,wide,DEoptim,1784,0
55,DFT_CRT,time_scaling,wide,DEoptim,1785,0
55,DFT_CRT,time_scaling,wide,DEoptim,1786,0
55,DFT_CRT,time_scaling,wide,DEoptim,1787,0
55,DFT_CRT,time_scaling,wide,DEoptim,1788,0
55,DFT_CRT,time_scaling,wide,DEoptim,1789,0
55,DFT_CRT,time_scaling,wide,DEoptim,1790,0
55,DFT_CRT,time_scaling,wide,DEoptim,1791,0
55,DFT_CRT,time_scaling,wide,DEoptim,1792,0
55,DFT_CRT,time_scaling,wide,DEoptim,1793,0
55,DFT_CRT,time_scaling,wide,DEoptim,1794,0
55,DFT_CRT,time_scaling,wide,DEoptim,1795,0
55,DFT_CRT,time_scaling,wide,DEoptim,1796,0
55,DFT_CRT,time_scaling,wide,DEoptim,1797,0
55,DFT_CRT,time_scaling,wide,DEoptim,1798,0
55,DFT_CRT,time_scaling,wide,DEoptim,1799,0
55,DFT_CRT,time_scaling,wide,DEoptim,1800,0
55,DFT_CRT,time_scaling,wide,DEoptim,1801,0
55,DFT_CRT,time_scaling,wide,DEoptim,1802,0
55,DFT_CRT,time_scaling,wide,DEoptim,1803,0
55,DFT_CRT,time_scaling,wide,DEoptim,1804,0
55,DFT_CRT,time_scaling,wide,DEoptim,1805,0
55,DFT_CRT,time_scaling,wide,DEoptim,1806,0
55,DFT_CRT,time_scaling,wide,DEoptim,1807,0
55,DFT_CRT,time_scaling,wide,DEoptim,1808,0
55,DFT_CRT,time_scaling,wide,DEoptim,1809,0
55,DFT_CRT,time_scaling,wide,DEoptim,1810,0
55,DFT_CRT,time_scaling,wide,DEoptim,1811,0
55,DFT_CRT,time_scaling,wide,DEoptim,1812,0
55,DFT_CRT,time_scaling,wide,DEoptim,1813,0
55,DFT_CRT,time_scaling,wide,DEoptim,1814,0
55,DFT_CRT,time_scaling,wide,DEoptim,1815,0
55,DFT_CRT,time_scaling,wide,DEoptim,1816,0
55,DFT_CRT,time_scaling,wide,DEoptim,1817,0
55,DFT_CRT,time_scaling,wide,DEoptim,1818,0
55,DFT_CRT,time_scaling,wide,DEoptim,1819,0
55,DFT_CRT,time_scaling,wide,DEoptim,1820,0
55,DFT_CRT,time_scaling,wide,DEoptim,1821,0
55,DFT_CRT,time_scaling,wide,DEoptim,1822,0
55,DFT_CRT,time_scaling,wide,DEoptim,1823,0
55,DFT_CRT,time_scaling,wide,DEoptim,1824,0
55,DFT_CRT,time_scaling,wide,DEoptim,1825,0
55,DFT_CRT,time_scaling,wide,DEoptim,1826,0
55,DFT_CRT,time_scaling,wide,DEoptim,1827,0
55,DFT_CRT,time_scaling,wide,DEoptim,1828,0
55,DFT_CRT,time_scaling,wide,DEoptim,1829,0
55,DFT_CRT,time_scaling,wide,DEoptim,1830,0
55,DFT_CRT,time_scaling,wide,DEoptim,1831,0
55,DFT_CRT,time_scaling,wide,DEoptim,1832,0
55,DFT_CRT,time_scaling,wide,DEoptim,1833,0
55,DFT_CRT,time_scaling,wide,DEoptim,1834,0
55,DFT_CRT,time_scaling,wide,DEoptim,1835,0
55,DFT_CRT,time_scaling,wide,DEoptim,1836,0
55,DFT_CRT,time_scaling,wide,DEoptim,1837,0
55,DFT_CRT,time_scaling,wide,DEoptim,1838,0
55,DFT_CRT,time_scaling,wide,DEoptim,1839,0
55,DFT_CRT,time_scaling,wide,DEoptim,1840,0
55,DFT_CRT,time_scaling,wide,DEoptim,1841,0
55,DFT_CRT,time_scaling,wide,DEoptim,1842,0
55,DFT_CRT,time_scaling,wide,DEoptim,1843,0
55,DFT_CRT,time_scaling,wide,DEoptim,1844,0
55,DFT_CRT,time_scaling,wide,DEoptim,1845,0
55,DFT_CRT,time_scaling,wide,DEoptim,1846,0
55,DFT_CRT,time_scaling,wide,DEoptim,1847,0
55,DFT_CRT,time_scaling,wide,DEoptim,1848,0
55,DFT_CRT,time_scaling,wide,DEoptim,1849,0
55,DFT_CRT,time_scaling,wide,DEoptim,1850,0
55,DFT_CRT,time_scaling,wide,DEoptim,1851,0
55,DFT_CRT,time_scaling,wide,DEoptim,1852,0
55,DFT_CRT,time_scaling,wide,DEoptim,1853,0
55,DFT_CRT,time_scaling,wide,DEoptim,1854,0
55,DFT_CRT,time_scaling,wide,DEoptim,1855,0
55,DFT_CRT,time_scaling,wide,DEoptim,1856,0
55,DFT_CRT,time_scaling,wide,DEoptim,1857,0
55,DFT_CRT,time_scaling,wide,DEoptim,1858,0
55,DFT_CRT,time_scaling,wide,DEoptim,1859,0
55,DFT_CRT,time_scaling,wide,DEoptim,1860,0
55,DFT_CRT,time_scaling,wide,DEoptim,1861,0
55,DFT_CRT,time_scaling,wide,DEoptim,1862,0
55,DFT_CRT,time_scaling,wide,DEoptim,1863,0
55,DFT_CRT,time_scaling,wide,DEoptim,1864,0
55,DFT_CRT,time_scaling,wide,DEoptim,1865,0
55,DFT_CRT,time_scaling,wide,DEoptim,1866,0
55,DFT_CRT,time_scaling,wide,DEoptim,1867,0
55,DFT_CRT,time_scaling,wide,DEoptim,1868,0
55,DFT_CRT,time_scaling,wide,DEoptim,1869,0
55,DFT_CRT,time_scaling,wide,DEoptim,1870,0
55,DFT_CRT,time_scaling,wide,DEoptim,1871,0
55,DFT_CRT,time_scaling,wide,DEoptim,1872,0
55,DFT_CRT,time_scaling,wide,DEoptim,1873,0
55,DFT_CRT,time_scaling,wide,DEoptim,1874,0
55,DFT_CRT,time_scaling,wide,DEoptim,1875,0
55,DFT_CRT,time_scaling,wide,DEoptim,1876,0
55,DFT_CRT,time_scaling,wide,DEoptim,1877,0
55,DFT_CRT,time_scaling,wide,DEoptim,1878,0
55,DFT_CRT,time_scaling,wide,DEoptim,1879,0
55,DFT_CRT,time_scaling,wide,DEoptim,1880,0
55,DFT_CRT,time_scaling,wide,DEoptim,1881,0
55,DFT_CRT,time_scaling,wide,DEoptim,1882,0
55,DFT_CRT,time_scaling,wide,DEoptim,1883,0
55,DFT_CRT,time_scaling,wide,DEoptim,1884,0
55,DFT_CRT,time_scaling,wide,DEoptim,1885,0
55,DFT_CRT,time_scaling,wide,DEoptim,1886,0
55,DFT_CRT,time_scaling,wide,DEoptim,1887,0
55,DFT_CRT,time_scaling,wide,DEoptim,1888,0
55,DFT_CRT,time_scaling,wide,DEoptim,1889,0
55,DFT_CRT,time_scaling,wide,DEoptim,1890,0
55,DFT_CRT,time_scaling,wide,DEoptim,1891,0
55,DFT_CRT,time_scaling,wide,DEoptim,1892,0
55,DFT_CRT,time_scaling,wide,DEoptim,1893,0
55,DFT_CRT,time_scaling,wide,DEoptim,1894,0
55,DFT_CRT,time_scaling,wide,DEoptim,1895,0
55,DFT_CRT,time_scaling,wide,DEoptim,1896,0
55,DFT_CRT,time_scaling,wide,DEoptim,1897,0
55,DFT_CRT,time_scaling,wide,DEoptim,1898,0
55,DFT_CRT,time_scaling,wide,DEoptim,1899,0
55,DFT_CRT,time_scaling,wide,DEoptim,1900,0
55,DFT_CRT,time_scaling,wide,DEoptim,1901,0
55,DFT_CRT,time_scaling,wide,DEoptim,1902,0
55,DFT_CRT,time_scaling,wide,DEoptim,1903,0
55,DFT_CRT,time_scaling,wide,DEoptim,1904,0
55,DFT_CRT,time_scaling,wide,DEoptim,1905,0
55,DFT_CRT,time_scaling,wide,DEoptim,1906,0
55,DFT_CRT,time_scaling,wide,DEoptim,1907,0
55,DFT_CRT,time_scaling,wide,DEoptim,1908,0
55,DFT_CRT,time_scaling,wide,DEoptim,1909,0
55,DFT_CRT,time_scaling,wide,DEoptim,1910,0
55,DFT_CRT,time_scaling,wide,DEoptim,1911,0
55,DFT_CRT,time_scaling,wide,DEoptim,1912,0
55,DFT_CRT,time_scaling,wide,DEoptim,1913,0
55,DFT_CRT,time_scaling,wide,DEoptim,1914,0
55,DFT_CRT,time_scaling,wide,DEoptim,1915,0
55,DFT_CRT,time_scaling,wide,DEoptim,1916,0
55,DFT_CRT,time_scaling,wide,DEoptim,1917,0
55,DFT_CRT,time_scaling,wide,DEoptim,1918,0
55,DFT_CRT,time_scaling,wide,DEoptim,1919,0
55,DFT_CRT,time_scaling,wide,DEoptim,1920,0
55,DFT_CRT,time_scaling,wide,DEoptim,1921,0
55,DFT_CRT,time_scaling,wide,DEoptim,1922,0
55,DFT_CRT,time_scaling,wide,DEoptim,1923,0
55,DFT_CRT,time_scaling,wide,DEoptim,1924,0
55,DFT_CRT,time_scaling,wide,DEoptim,1925,0
55,DFT_CRT,time_scaling,wide,DEoptim,1926,0
55,DFT_CRT,time_scaling,wide,DEoptim,1927,0
55,DFT_CRT,time_scaling,wide,DEoptim,1928,0
55,DFT_CRT,time_scaling,wide,DEoptim,1929,0
55,DFT_CRT,time_scaling,wide,DEoptim,1930,0
55,DFT_CRT,time_scaling,wide,DEoptim,1931,0
55,DFT_CRT,time_scaling,wide,DEoptim,1932,0
55,DFT_CRT,time_scaling,wide,DEoptim,1933,0
55,DFT_CRT,time_scaling,wide,DEoptim,1934,0
55,DFT_CRT,time_scaling,wide,DEoptim,1935,0
55,DFT_CRT,time_scaling,wide,DEoptim,1936,0
55,DFT_CRT,time_scaling,wide,DEoptim,1937,0
55,DFT_CRT,time_scaling,wide,DEoptim,1938,0
55,DFT_CRT,time_scaling,wide,DEoptim,1939,0
55,DFT_CRT,time_scaling,wide,DEoptim,1940,0
55,DFT_CRT,time_scaling,wide,DEoptim,1941,0
55,DFT_CRT,time_scaling,wide,DEoptim,1942,0
55,DFT_CRT,time_scaling,wide,DEoptim,1943,0
55,DFT_CRT,time_scaling,wide,DEoptim,1944,0
55,DFT_CRT,time_scaling,wide,DEoptim,1945,0
55,DFT_CRT,time_scaling,wide,DEoptim,1946,0
55,DFT_CRT,time_scaling,wide,DEoptim,1947,0
55,DFT_CRT,time_scaling,wide,DEoptim,1948,0
55,DFT_CRT,time_scaling,wide,DEoptim,1949,0
55,DFT_CRT,time_scaling,wide,DEoptim,1950,0
55,DFT_CRT,time_scaling,wide,DEoptim,1951,0
55,DFT_CRT,time_scaling,wide,DEoptim,1952,0
55,DFT_CRT,time_scaling,wide,DEoptim,1953,0
55,DFT_CRT,time_scaling,wide,DEoptim,1954,0
55,DFT_CRT,time_scaling,wide,DEoptim,1955,0
55,DFT_CRT,time_scaling,wide,DEoptim,1956,0
55,DFT_CRT,time_scaling,wide,DEoptim,1957,0
55,DFT_CRT,time_scaling,wide,DEoptim,1958,0
55,DFT_CRT,time_scaling,wide,DEoptim,1959,0
55,DFT_CRT,time_scaling,wide,DEoptim,1960,0
55,DFT_CRT,time_scaling,wide,DEoptim,1961,0
55,DFT_CRT,time_scaling,wide,DEoptim,1962,0
55,DFT_CRT,time_scaling,wide,DEoptim,1963,0
55,DFT_CRT,time_scaling,wide,DEoptim,1964,0
55,DFT_CRT,time_scaling,wide,DEoptim,1965,0
55,DFT_CRT,time_scaling,wide,DEoptim,1966,0
55,DFT_CRT,time_scaling,wide,DEoptim,1967,0
55,DFT_CRT,time_scaling,wide,DEoptim,1968,0
55,DFT_CRT,time_scaling,wide,DEoptim,1969,0
55,DFT_CRT,time_scaling,wide,DEoptim,1970,0
55,DFT_CRT,time_scaling,wide,DEoptim,1971,0
55,DFT_CRT,time_scaling,wide,DEoptim,1972,0
55,DFT_CRT,time_scaling,wide,DEoptim,1973,0
55,DFT_CRT,time_scaling,wide,DEoptim,1974,0
55,DFT_CRT,time_scaling,wide,DEoptim,1975,0
55,DFT_CRT,time_scaling,wide,DEoptim,1976,0
55,DFT_CRT,time_scaling,wide,DEoptim,1977,0
55,DFT_CRT,time_scaling,wide,DEoptim,1978,0
55,DFT_CRT,time_scaling,wide,DEoptim,1979,0
55,DFT_CRT,time_scaling,wide,DEoptim,1980,0
55,DFT_CRT,time_scaling,wide,DEoptim,1981,0
55,DFT_CRT,time_scaling,wide,DEoptim,1982,0
55,DFT_CRT,time_scaling,wide,DEoptim,1983,0
55,DFT_CRT,time_scaling,wide,DEoptim,1984,0
55,DFT_CRT,time_scaling,wide,DEoptim,1985,0
55,DFT_CRT,time_scaling,wide,DEoptim,1986,0
55,DFT_CRT,time_scaling,wide,DEoptim,1987,0
55,DFT_CRT,time_scaling,wide,DEoptim,1988,0
55,DFT_CRT,time_scaling,wide,DEoptim,1989,0
55,DFT_CRT,time_scaling,wide,DEoptim,1990,0
55,DFT_CRT,time_scaling,wide,DEoptim,1991,0
55,DFT_CRT,time_scaling,wide,DEoptim,1992,0
55,DFT_CRT,time_scaling,wide,DEoptim,1993,0
55,DFT_CRT,time_scaling,wide,DEoptim,1994,0
55,DFT_CRT,time_scaling,wide,DEoptim,1995,0
55,DFT_CRT,time_scaling,wide,DEoptim,1996,0
55,DFT_CRT,time_scaling,wide,DEoptim,1997,0
55,DFT_CRT,time_scaling,wide,DEoptim,1998,0
55,DFT_CRT,time_scaling,wide,DEoptim,1999,0
55,DFT_CRT,time_scaling,wide,DEoptim,2000,0
55,DFT_CRT,time_scaling,wide,DEoptim,2001,0
55,DFT_CRT,time_scaling,wide,DEoptim,2002,0
55,DFT_CRT,time_scaling,wide,DEoptim,2003,0
55,DFT_CRT,time_scaling,wide,DEoptim,2004,0
55,DFT_CRT,time_scaling,wide,DEoptim,2005,0
55,DFT_CRT,time_scaling,wide,DEoptim,2006,0
55,DFT_CRT,time_scaling,wide,DEoptim,2007,0
55,DFT_CRT,time_scaling,wide,DEoptim,2008,0
55,DFT_CRT,time_scaling,wide,DEoptim,2009,0
55,DFT_CRT,time_scaling,wide,DEoptim,2010,0
55,DFT_CRT,time_scaling,wide,DEoptim,2011,0
55,DFT_CRT,time_scaling,wide,DEoptim,2012,0
55,DFT_CRT,time_scaling,wide,DEoptim,2013,0
55,DFT_CRT,time_scaling,wide,DEoptim,2014,0
55,DFT_CRT,time_scaling,wide,DEoptim,2015,0
55,DFT_CRT,time_scaling,wide,DEoptim,2016,0
55,DFT_CRT,time_scaling,wide,DEoptim,2017,0
55,DFT_CRT,time_scaling,wide,DEoptim,2018,0
55,DFT_CRT,time_scaling,wide,DEoptim,2019,0
55,DFT_CRT,time_scaling,wide,DEoptim,2020,0
55,DFT_CRT,time_scaling,wide,DEoptim,2021,0
55,DFT_CRT,time_scaling,wide,DEoptim,2022,0
55,DFT_CRT,time_scaling,wide,DEoptim,2023,0
55,DFT_CRT,time_scaling,wide,DEoptim,2024,0
55,DFT_CRT,time_scaling,wide,DEoptim,2025,0
55,DFT_CRT,time_scaling,wide,DEoptim,2026,0
55,DFT_CRT,time_scaling,wide,DEoptim,2027,0
55,DFT_CRT,time_scaling,wide,DEoptim,2028,0
55,DFT_CRT,time_scaling,wide,DEoptim,2029,0
55,DFT_CRT,time_scaling,wide,DEoptim,2030,0
55,DFT_CRT,time_scaling,wide,DEoptim,2031,0
55,DFT_CRT,time_scaling,wide,DEoptim,2032,0
55,DFT_CRT,time_scaling,wide,DEoptim,2033,0
55,DFT_CRT,time_scaling,wide,DEoptim,2034,0
55,DFT_CRT,time_scaling,wide,DEoptim,2035,0
55,DFT_CRT,time_scaling,wide,DEoptim,2036,0
55,DFT_CRT,time_scaling,wide,DEoptim,2037,0
55,DFT_CRT,time_scaling,wide,DEoptim,2038,0
55,DFT_CRT,time_scaling,wide,DEoptim,2039,0
55,DFT_CRT,time_scaling,wide,DEoptim,2040,0
55,DFT_CRT,time_scaling,wide,DEoptim,2041,0
55,DFT_CRT,time_scaling,wide,DEoptim,2042,0
55,DFT_CRT,time_scaling,wide,DEoptim,2043,0
55,DFT_CRT,time_scaling,wide,DEoptim,2044,0
55,DFT_CRT,time_scaling,wide,DEoptim,2045,0
55,DFT_CRT,time_scaling,wide,DEoptim,2046,0
55,DFT_CRT,time_scaling,wide,DEoptim,2047,0
55,DFT_CRT,time_scaling,wide,DEoptim,2048,0
55,DFT_CRT,time_scaling,wide,DEoptim,2049,0
55,DFT_CRT,time_scaling,wide,DEoptim,2050,0
55,DFT_CRT,time_scaling,wide,DEoptim,2051,0
55,DFT_CRT,time_scaling,wide,DEoptim,2052,0
55,DFT_CRT,time_scaling,wide,DEoptim,2053,0
55,DFT_CRT,time_scaling,wide,DEoptim,2054,0
55,DFT_CRT,time_scaling,wide,DEoptim,2055,0
55,DFT_CRT,time_scaling,wide,DEoptim,2056,0
55,DFT_CRT,time_scaling,wide,DEoptim,2057,0
55,DFT_CRT,time_scaling,wide,DEoptim,2058,0
55,DFT_CRT,time_scaling,wide,DEoptim,2059,0
55,DFT_CRT,time_scaling,wide,DEoptim,2060,0
55,DFT_CRT,time_scaling,wide,DEoptim,2061,0
55,DFT_CRT,time_scaling,wide,DEoptim,2062,0
55,DFT_CRT,time_scaling,wide,DEoptim,2063,0
55,DFT_CRT,time_scaling,wide,DEoptim,2064,0
55,DFT_CRT,time_scaling,wide,DEoptim,2065,0
55,DFT_CRT,time_scaling,wide,DEoptim,2066,0
55,DFT_CRT,time_scaling,wide,DEoptim,2067,0
55,DFT_CRT,time_scaling,wide,DEoptim,2068,0
55,DFT_CRT,time_scaling,wide,DEoptim,2069,0
55,DFT_CRT,time_scaling,wide,DEoptim,2070,0
55,DFT_CRT,time_scaling,wide,DEoptim,2071,0
55,DFT_CRT,time_scaling,wide,DEoptim,2072,0
55,DFT_CRT,time_scaling,wide,DEoptim,2073,0
55,DFT_CRT,time_scaling,wide,DEoptim,2074,0
55,DFT_CRT,time_scaling,wide,DEoptim,2075,0
55,DFT_CRT,time_scaling,wide,DEoptim,2076,0
55,DFT_CRT,time_scaling,wide,DEoptim,2077,0
55,DFT_CRT,time_scaling,wide,DEoptim,2078,0
55,DFT_CRT,time_scaling,wide,DEoptim,2079,0
55,DFT_CRT,time_scaling,wide,DEoptim,2080,0
55,DFT_CRT,time_scaling,wide,DEoptim,2081,0
55,DFT_CRT,time_scaling,wide,DEoptim,2082,0
55,DFT_CRT,time_scaling,wide,DEoptim,2083,0
55,DFT_CRT,time_scaling,wide,DEoptim,2084,0
55,DFT_CRT,time_scaling,wide,DEoptim,2085,0
55,DFT_CRT,time_scaling,wide,DEoptim,2086,0
55,DFT_CRT,time_scaling,wide,DEoptim,2087,0
55,DFT_CRT,time_scaling,wide,DEoptim,2088,0
55,DFT_CRT,time_scaling,wide,DEoptim,2089,0
55,DFT_CRT,time_scaling,wide,DEoptim,2090,0
55,DFT_CRT,time_scaling,wide,DEoptim,2091,0
55,DFT_CRT,time_scaling,wide,DEoptim,2092,0
55,DFT_CRT,time_scaling,wide,DEoptim,2093,0
55,DFT_CRT,time_scaling,wide,DEoptim,2094,0
55,DFT_CRT,time_scaling,wide,DEoptim,2095,0
55,DFT_CRT,time_scaling,wide,DEoptim,2096,0
55,DFT_CRT,time_scaling,wide,DEoptim,2097,0
55,DFT_CRT,time_scaling,wide,DEoptim,2098,0
55,DFT_CRT,time_scaling,wide,DEoptim,2099,0
55,DFT_CRT,time_scaling,wide,DEoptim,2100,0
55,DFT_CRT,time_scaling,wide,DEoptim,2101,0
55,DFT_CRT,time_scaling,wide,DEoptim,2102,0
55,DFT_CRT,time_scaling,wide,DEoptim,2103,0
55,DFT_CRT,time_scaling,wide,DEoptim,2104,0
55,DFT_CRT,time_scaling,wide,DEoptim,2105,0
55,DFT_CRT,time_scaling,wide,DEoptim,2106,0
55,DFT_CRT,time_scaling,wide,DEoptim,2107,0
55,DFT_CRT,time_scaling,wide,DEoptim,2108,0
55,DFT_CRT,time_scaling,wide,DEoptim,2109,0
55,DFT_CRT,time_scaling,wide,DEoptim,2110,0
55,DFT_CRT,time_scaling,wide,DEoptim,2111,0
55,DFT_CRT,time_scaling,wide,DEoptim,2112,0
55,DFT_CRT,time_scaling,wide,DEoptim,2113,0
55,DFT_CRT,time_scaling,wide,DEoptim,2114,0
55,DFT_CRT,time_scaling,wide,DEoptim,2115,0
55,DFT_CRT,time_scaling,wide,DEoptim,2116,0
55,DFT_CRT,time_scaling,wide,DEoptim,2117,0
55,DFT_CRT,time_scaling,wide,DEoptim,2118,0
55,DFT_CRT,time_scaling,wide,DEoptim,2119,0
55,DFT_CRT,time_scaling,wide,DEoptim,2120,0
55,DFT_CRT,time_scaling,wide,DEoptim,2121,0
55,DFT_CRT,time_scaling,wide,DEoptim,2122,0
55,DFT_CRT,time_scaling,wide,DEoptim,2123,0
55,DFT_CRT,time_scaling,wide,DEoptim,2124,0
55,DFT_CRT,time_scaling,wide,DEoptim,2125,0
55,DFT_CRT,time_scaling,wide,DEoptim,2126,0
55,DFT_CRT,time_scaling,wide,DEoptim,2127,0
55,DFT_CRT,time_scaling,wide,DEoptim,2128,0
55,DFT_CRT,time_scaling,wide,DEoptim,2129,0
55,DFT_CRT,time_scaling,wide,DEoptim,2130,0
55,DFT_CRT,time_scaling,wide,DEoptim,2131,0
55,DFT_CRT,time_scaling,wide,DEoptim,2132,0
55,DFT_CRT,time_scaling,wide,DEoptim,2133,0
55,DFT_CRT,time_scaling,wide,DEoptim,2134,0
55,DFT_CRT,time_scaling,wide,DEoptim,2135,0
55,DFT_CRT,time_scaling,wide,DEoptim,2136,0
55,DFT_CRT,time_scaling,wide,DEoptim,2137,0
55,DFT_CRT,time_scaling,wide,DEoptim,2138,0
55,DFT_CRT,time_scaling,wide,DEoptim,2139,0
55,DFT_CRT,time_scaling,wide,DEoptim,2140,0
55,DFT_CRT,time_scaling,wide,DEoptim,2141,0
55,DFT_CRT,time_scaling,wide,DEoptim,2142,0
55,DFT_CRT,time_scaling,wide,DEoptim,2143,0
55,DFT_CRT,time_scaling,wide,DEoptim,2144,0
55,DFT_CRT,time_scaling,wide,DEoptim,2145,0
55,DFT_CRT,time_scaling,wide,DEoptim,2146,0
55,DFT_CRT,time_scaling,wide,DEoptim,2147,0
55,DFT_CRT,time_scaling,wide,DEoptim,2148,0
55,DFT_CRT,time_scaling,wide,DEoptim,2149,0
55,DFT_CRT,time_scaling,wide,DEoptim,2150,0
55,DFT_CRT,time_scaling,wide,DEoptim,2151,0
55,DFT_CRT,time_scaling,wide,DEoptim,2152,0
55,DFT_CRT,time_scaling,wide,DEoptim,2153,0
55,DFT_CRT,time_scaling,wide,DEoptim,2154,0
55,DFT_CRT,time_scaling,wide,DEoptim,2155,0
55,DFT_CRT,time_scaling,wide,DEoptim,2156,0
55,DFT_CRT,time_scaling,wide,DEoptim,2157,0
55,DFT_CRT,time_scaling,wide,DEoptim,2158,0
55,DFT_CRT,time_scaling,wide,DEoptim,2159,0
55,DFT_CRT,time_scaling,wide,DEoptim,2160,0
55,DFT_CRT,time_scaling,wide,DEoptim,2161,0
55,DFT_CRT,time_scaling,wide,DEoptim,2162,0
55,DFT_CRT,time_scaling,wide,DEoptim,2163,0
55,DFT_CRT,time_scaling,wide,DEoptim,2164,0
55,DFT_CRT,time_scaling,wide,DEoptim,2165,0
55,DFT_CRT,time_scaling,wide,DEoptim,2166,0
55,DFT_CRT,time_scaling,wide,DEoptim,2167,0
55,DFT_CRT,time_scaling,wide,DEoptim,2168,0
55,DFT_CRT,time_scaling,wide,DEoptim,2169,0
55,DFT_CRT,time_scaling,wide,DEoptim,2170,0
55,DFT_CRT,time_scaling,wide,DEoptim,2171,0
55,DFT_CRT,time_scaling,wide,DEoptim,2172,0
55,DFT_CRT,time_scaling,wide,DEoptim,2173,0
55,DFT_CRT,time_scaling,wide,DEoptim,2174,0
55,DFT_CRT,time_scaling,wide,DEoptim,2175,0
55,DFT_CRT,time_scaling,wide,DEoptim,2176,0
55,DFT_CRT,time_scaling,wide,DEoptim,2177,0
55,DFT_CRT,time_scaling,wide,DEoptim,2178,0
55,DFT_CRT,time_scaling,wide,DEoptim,2179,0
55,DFT_CRT,time_scaling,wide,DEoptim,2180,0
55,DFT_CRT,time_scaling,wide,DEoptim,2181,0
55,DFT_CRT,time_scaling,wide,DEoptim,2182,0
55,DFT_CRT,time_scaling,wide,DEoptim,2183,0
55,DFT_CRT,time_scaling,wide,DEoptim,2184,0
55,DFT_CRT,time_scaling,wide,DEoptim,2185,0
55,DFT_CRT,time_scaling,wide,DEoptim,2186,0
55,DFT_CRT,time_scaling,wide,DEoptim,2187,0
55,DFT_CRT,time_scaling,wide,DEoptim,2188,0
55,DFT_CRT,time_scaling,wide,DEoptim,2189,0
55,DFT_CRT,time_scaling,wide,DEoptim,2190,0
55,DFT_CRT,time_scaling,wide,DEoptim,2191,0
55,DFT_CRT,time_scaling,wide,DEoptim,2192,0
55,DFT_CRT,time_scaling,wide,DEoptim,2193,0
55,DFT_CRT,time_scaling,wide,DEoptim,2194,0
55,DFT_CRT,time_scaling,wide,DEoptim,2195,0
55,DFT_CRT,time_scaling,wide,DEoptim,2196,0
55,DFT_CRT,time_scaling,wide,DEoptim,2197,0
55,DFT_CRT,time_scaling,wide,DEoptim,2198,0
55,DFT_CRT,time_scaling,wide,DEoptim,2199,0
55,DFT_CRT,time_scaling,wide,DEoptim,2200,0
55,DFT_CRT,time_scaling,wide,DEoptim,2201,0
55,DFT_CRT,time_scaling,wide,DEoptim,2202,0
55,DFT_CRT,time_scaling,wide,DEoptim,2203,0
55,DFT_CRT,time_scaling,wide,DEoptim,2204,0
55,DFT_CRT,time_scaling,wide,DEoptim,2205,0
55,DFT_CRT,time_scaling,wide,DEoptim,2206,0
55,DFT_CRT,time_scaling,wide,DEoptim,2207,0
55,DFT_CRT,time_scaling,wide,DEoptim,2208,0
55,DFT_CRT,time_scaling,wide,DEoptim,2209,0
55,DFT_CRT,time_scaling,wide,DEoptim,2210,0
55,DFT_CRT,time_scaling,wide,DEoptim,2211,0
55,DFT_CRT,time_scaling,wide,DEoptim,2212,0
55,DFT_CRT,time_scaling,wide,DEoptim,2213,0
55,DFT_CRT,time_scaling,wide,DEoptim,2214,0
55,DFT_CRT,time_scaling,wide,DEoptim,2215,0
55,DFT_CRT,time_scaling,wide,DEoptim,2216,0
55,DFT_CRT,time_scaling,wide,DEoptim,2217,0
55,DFT_CRT,time_scaling,wide,DEoptim,2218,0
55,DFT_CRT,time_scaling,wide,DEoptim,2219,0
55,DFT_CRT,time_scaling,wide,DEoptim,2220,0
55,DFT_CRT,time_scaling,wide,DEoptim,2221,0
55,DFT_CRT,time_scaling,wide,DEoptim,2222,0
55,DFT_CRT,time_scaling,wide,DEoptim,2223,0
55,DFT_CRT,time_scaling,wide,DEoptim,2224,0
55,DFT_CRT,time_scaling,wide,DEoptim,2225,0
55,DFT_CRT,time_scaling,wide,DEoptim,2226,0
55,DFT_CRT,time_scaling,wide,DEoptim,2227,0
55,DFT_CRT,time_scaling,wide,DEoptim,2228,0
55,DFT_CRT,time_scaling,wide,DEoptim,2229,0
55,DFT_CRT,time_scaling,wide,DEoptim,2230,0
55,DFT_CRT,time_scaling,wide,DEoptim,2231,0
55,DFT_CRT,time_scaling,wide,DEoptim,2232,0
55,DFT_CRT,time_scaling,wide,DEoptim,2233,0
55,DFT_CRT,time_scaling,wide,DEoptim,2234,0
55,DFT_CRT,time_scaling,wide,DEoptim,2235,0
55,DFT_CRT,time_scaling,wide,DEoptim,2236,0
55,DFT_CRT,time_scaling,wide,DEoptim,2237,0
55,DFT_CRT,time_scaling,wide,DEoptim,2238,0
55,DFT_CRT,time_scaling,wide,DEoptim,2239,0
55,DFT_CRT,time_scaling,wide,DEoptim,2240,0
55,DFT_CRT,time_scaling,wide,DEoptim,2241,0
55,DFT_CRT,time_scaling,wide,DEoptim,2242,0
55,DFT_CRT,time_scaling,wide,DEoptim,2243,0
55,DFT_CRT,time_scaling,wide,DEoptim,2244,0
55,DFT_CRT,time_scaling,wide,DEoptim,2245,0
55,DFT_CRT,time_scaling,wide,DEoptim,2246,0
55,DFT_CRT,time_scaling,wide,DEoptim,2247,0
55,DFT_CRT,time_scaling,wide,DEoptim,2248,0
55,DFT_CRT,time_scaling,wide,DEoptim,2249,0
55,DFT_CRT,time_scaling,wide,DEoptim,2250,0
55,DFT_CRT,time_scaling,wide,DEoptim,2251,0
55,DFT_CRT,time_scaling,wide,DEoptim,2252,0
55,DFT_CRT,time_scaling,wide,DEoptim,2253,0
55,DFT_CRT,time_scaling,wide,DEoptim,2254,0
55,DFT_CRT,time_scaling,wide,DEoptim,2255,0
55,DFT_CRT,time_scaling,wide,DEoptim,2256,0
55,DFT_CRT,time_scaling,wide,DEoptim,2257,0
55,DFT_CRT,time_scaling,wide,DEoptim,2258,0
55,DFT_CRT,time_scaling,wide,DEoptim,2259,0
55,DFT_CRT,time_scaling,wide,DEoptim,2260,0
55,DFT_CRT,time_scaling,wide,DEoptim,2261,0
55,DFT_CRT,time_scaling,wide,DEoptim,2262,0
55,DFT_CRT,time_scaling,wide,DEoptim,2263,0
55,DFT_CRT,time_scaling,wide,DEoptim,2264,0
55,DFT_CRT,time_scaling,wide,DEoptim,2265,0
55,DFT_CRT,time_scaling,wide,DEoptim,2266,0
55,DFT_CRT,time_scaling,wide,DEoptim,2267,0
55,DFT_CRT,time_scaling,wide,DEoptim,2268,0
55,DFT_CRT,time_scaling,wide,DEoptim,2269,0
55,DFT_CRT,time_scaling,wide,DEoptim,2270,0
55,DFT_CRT,time_scaling,wide,DEoptim,2271,0
55,DFT_CRT,time_scaling,wide,DEoptim,2272,0
55,DFT_CRT,time_scaling,wide,DEoptim,2273,0
55,DFT_CRT,time_scaling,wide,DEoptim,2274,0
55,DFT_CRT,time_scaling,wide,DEoptim,2275,0
55,DFT_CRT,time_scaling,wide,DEoptim,2276,0
55,DFT_CRT,time_scaling,wide,DEoptim,2277,0
55,DFT_CRT,time_scaling,wide,DEoptim,2278,0
55,DFT_CRT,time_scaling,wide,DEoptim,2279,0
55,DFT_CRT,time_scaling,wide,DEoptim,2280,0
55,DFT_CRT,time_scaling,wide,DEoptim,2281,0
55,DFT_CRT,time_scaling,wide,DEoptim,2282,0
55,DFT_CRT,time_scaling,wide,DEoptim,2283,0
55,DFT_CRT,time_scaling,wide,DEoptim,2284,0
55,DFT_CRT,time_scaling,wide,DEoptim,2285,0
55,DFT_CRT,time_scaling,wide,DEoptim,2286,0
55,DFT_CRT,time_scaling,wide,DEoptim,2287,0
55,DFT_CRT,time_scaling,wide,DEoptim,2288,0
55,DFT_CRT,time_scaling,wide,DEoptim,2289,0
55,DFT_CRT,time_scaling,wide,DEoptim,2290,0
55,DFT_CRT,time_scaling,wide,DEoptim,2291,0
55,DFT_CRT,time_scaling,wide,DEoptim,2292,0
55,DFT_CRT,time_scaling,wide,DEoptim,2293,0
55,DFT_CRT,time_scaling,wide,DEoptim,2294,0
55,DFT_CRT,time_scaling,wide,DEoptim,2295,0
55,DFT_CRT,time_scaling,wide,DEoptim,2296,0
55,DFT_CRT,time_scaling,wide,DEoptim,2297,0
55,DFT_CRT,time_scaling,wide,DEoptim,2298,0
55,DFT_CRT,time_scaling,wide,DEoptim,2299,0
55,DFT_CRT,time_scaling,wide,DEoptim,2300,0
55,DFT_CRT,time_scaling,wide,DEoptim,2301,0
55,DFT_CRT,time_scaling,wide,DEoptim,2302,0
55,DFT_CRT,time_scaling,wide,DEoptim,2303,0
55,DFT_CRT,time_scaling,wide,DEoptim,2304,0
55,DFT_CRT,time_scaling,wide,DEoptim,2305,0
55,DFT_CRT,time_scaling,wide,DEoptim,2306,0
55,DFT_CRT,time_scaling,wide,DEoptim,2307,0
55,DFT_CRT,time_scaling,wide,DEoptim,2308,0
55,DFT_CRT,time_scaling,wide,DEoptim,2309,0
55,DFT_CRT,time_scaling,wide,DEoptim,2310,0
55,DFT_CRT,time_scaling,wide,DEoptim,2311,0
55,DFT_CRT,time_scaling,wide,DEoptim,2312,0
55,DFT_CRT,time_scaling,wide,DEoptim,2313,0
55,DFT_CRT,time_scaling,wide,DEoptim,2314,0
55,DFT_CRT,time_scaling,wide,DEoptim,2315,0
55,DFT_CRT,time_scaling,wide,DEoptim,2316,0
55,DFT_CRT,time_scaling,wide,DEoptim,2317,0
55,DFT_CRT,time_scaling,wide,DEoptim,2318,0
55,DFT_CRT,time_scaling,wide,DEoptim,2319,0
55,DFT_CRT,time_scaling,wide,DEoptim,2320,0
55,DFT_CRT,time_scaling,wide,DEoptim,2321,0
55,DFT_CRT,time_scaling,wide,DEoptim,2322,0
55,DFT_CRT,time_scaling,wide,DEoptim,2323,0
55,DFT_CRT,time_scaling,wide,DEoptim,2324,0
55,DFT_CRT,time_scaling,wide,DEoptim,2325,0
55,DFT_CRT,time_scaling,wide,DEoptim,2326,0
55,DFT_CRT,time_scaling,wide,DEoptim,2327,0
55,DFT_CRT,time_scaling,wide,DEoptim,2328,0
55,DFT_CRT,time_scaling,wide,DEoptim,2329,0
55,DFT_CRT,time_scaling,wide,DEoptim,2330,0
55,DFT_CRT,time_scaling,wide,DEoptim,2331,0
55,DFT_CRT,time_scaling,wide,DEoptim,2332,0
55,DFT_CRT,time_scaling,wide,DEoptim,2333,0
55,DFT_CRT,time_scaling,wide,DEoptim,2334,0
55,DFT_CRT,time_scaling,wide,DEoptim,2335,0
55,DFT_CRT,time_scaling,wide,DEoptim,2336,0
55,DFT_CRT,time_scaling,wide,DEoptim,2337,0
55,DFT_CRT,time_scaling,wide,DEoptim,2338,0
55,DFT_CRT,time_scaling,wide,DEoptim,2339,0
55,DFT_CRT,time_scaling,wide,DEoptim,2340,0
55,DFT_CRT,time_scaling,wide,DEoptim,2341,0
55,DFT_CRT,time_scaling,wide,DEoptim,2342,0
55,DFT_CRT,time_scaling,wide,DEoptim,2343,0
55,DFT_CRT,time_scaling,wide,DEoptim,2344,0
55,DFT_CRT,time_scaling,wide,DEoptim,2345,0
55,DFT_CRT,time_scaling,wide,DEoptim,2346,0
55,DFT_CRT,time_scaling,wide,DEoptim,2347,0
55,DFT_CRT,time_scaling,wide,DEoptim,2348,0
55,DFT_CRT,time_scaling,wide,DEoptim,2349,0
55,DFT_CRT,time_scaling,wide,DEoptim,2350,0
55,DFT_CRT,time_scaling,wide,DEoptim,2351,0
55,DFT_CRT,time_scaling,wide,DEoptim,2352,0
55,DFT_CRT,time_scaling,wide,DEoptim,2353,0
55,DFT_CRT,time_scaling,wide,DEoptim,2354,0
55,DFT_CRT,time_scaling,wide,DEoptim,2355,0
55,DFT_CRT,time_scaling,wide,DEoptim,2356,0
55,DFT_CRT,time_scaling,wide,DEoptim,2357,0
55,DFT_CRT,time_scaling,wide,DEoptim,2358,0
55,DFT_CRT,time_scaling,wide,DEoptim,2359,0
55,DFT_CRT,time_scaling,wide,DEoptim,2360,0
55,DFT_CRT,time_scaling,wide,DEoptim,2361,0
55,DFT_CRT,time_scaling,wide,DEoptim,2362,0
55,DFT_CRT,time_scaling,wide,DEoptim,2363,0
55,DFT_CRT,time_scaling,wide,DEoptim,2364,0
55,DFT_CRT,time_scaling,wide,DEoptim,2365,0
55,DFT_CRT,time_scaling,wide,DEoptim,2366,0
55,DFT_CRT,time_scaling,wide,DEoptim,2367,0
55,DFT_CRT,time_scaling,wide,DEoptim,2368,0
55,DFT_CRT,time_scaling,wide,DEoptim,2369,0
55,DFT_CRT,time_scaling,wide,DEoptim,2370,0
55,DFT_CRT,time_scaling,wide,DEoptim,2371,0
55,DFT_CRT,time_scaling,wide,DEoptim,2372,0
55,DFT_CRT,time_scaling,wide,DEoptim,2373,0
55,DFT_CRT,time_scaling,wide,DEoptim,2374,0
55,DFT_CRT,time_scaling,wide,DEoptim,2375,0
55,DFT_CRT,time_scaling,wide,DEoptim,2376,0
55,DFT_CRT,time_scaling,wide,DEoptim,2377,0
55,DFT_CRT,time_scaling,wide,DEoptim,2378,0
55,DFT_CRT,time_scaling,wide,DEoptim,2379,0
55,DFT_CRT,time_scaling,wide,DEoptim,2380,0
55,DFT_CRT,time_scaling,wide,DEoptim,2381,0
55,DFT_CRT,time_scaling,wide,DEoptim,2382,0
55,DFT_CRT,time_scaling,wide,DEoptim,2383,0
55,DFT_CRT,time_scaling,wide,DEoptim,2384,0
55,DFT_CRT,time_scaling,wide,DEoptim,2385,0
55,DFT_CRT,time_scaling,wide,DEoptim,2386,0
55,DFT_CRT,time_scaling,wide,DEoptim,2387,0
55,DFT_CRT,time_scaling,wide,DEoptim,2388,0
55,DFT_CRT,time_scaling,wide,DEoptim,2389,0
55,DFT_CRT,time_scaling,wide,DEoptim,2390,0
55,DFT_CRT,time_scaling,wide,DEoptim,2391,0
55,DFT_CRT,time_scaling,wide,DEoptim,2392,0
55,DFT_CRT,time_scaling,wide,DEoptim,2393,0
55,DFT_CRT,time_scaling,wide,DEoptim,2394,0
55,DFT_CRT,time_scaling,wide,DEoptim,2395,0
55,DFT_CRT,time_scaling,wide,DEoptim,2396,0
55,DFT_CRT,time_scaling,wide,DEoptim,2397,0
55,DFT_CRT,time_scaling,wide,DEoptim,2398,0
55,DFT_CRT,time_scaling,wide,DEoptim,2399,0
55,DFT_CRT,time_scaling,wide,DEoptim,2400,0
55,DFT_CRT,time_scaling,wide,DEoptim,2401,0
55,DFT_CRT,time_scaling,wide,DEoptim,2402,0
55,DFT_CRT,time_scaling,wide,DEoptim,2403,0
55,DFT_CRT,time_scaling,wide,DEoptim,2404,0
55,DFT_CRT,time_scaling,wide,DEoptim,2405,0
55,DFT_CRT,time_scaling,wide,DEoptim,2406,0
55,DFT_CRT,time_scaling,wide,DEoptim,2407,0
55,DFT_CRT,time_scaling,wide,DEoptim,2408,0
55,DFT_CRT,time_scaling,wide,DEoptim,2409,0
55,DFT_CRT,time_scaling,wide,DEoptim,2410,0
55,DFT_CRT,time_scaling,wide,DEoptim,2411,0
55,DFT_CRT,time_scaling,wide,DEoptim,2412,0
55,DFT_CRT,time_scaling,wide,DEoptim,2413,0
55,DFT_CRT,time_scaling,wide,DEoptim,2414,0
55,DFT_CRT,time_scaling,wide,DEoptim,2415,0
55,DFT_CRT,time_scaling,wide,DEoptim,2416,0
55,DFT_CRT,time_scaling,wide,DEoptim,2417,0
55,DFT_CRT,time_scaling,wide,DEoptim,2418,0
55,DFT_CRT,time_scaling,wide,DEoptim,2419,0
55,DFT_CRT,time_scaling,wide,DEoptim,2420,0
55,DFT_CRT,time_scaling,wide,DEoptim,2421,0
55,DFT_CRT,time_scaling,wide,DEoptim,2422,0
55,DFT_CRT,time_scaling,wide,DEoptim,2423,0
55,DFT_CRT,time_scaling,wide,DEoptim,2424,0
55,DFT_CRT,time_scaling,wide,DEoptim,2425,0
55,DFT_CRT,time_scaling,wide,DEoptim,2426,0
55,DFT_CRT,time_scaling,wide,DEoptim,2427,0
55,DFT_CRT,time_scaling,wide,DEoptim,2428,0
55,DFT_CRT,time_scaling,wide,DEoptim,2429,0
55,DFT_CRT,time_scaling,wide,DEoptim,2430,0
55,DFT_CRT,time_scaling,wide,DEoptim,2431,0
55,DFT_CRT,time_scaling,wide,DEoptim,2432,0
55,DFT_CRT,time_scaling,wide,DEoptim,2433,0
55,DFT_CRT,time_scaling,wide,DEoptim,2434,0
55,DFT_CRT,time_scaling,wide,DEoptim,2435,0
55,DFT_CRT,time_scaling,wide,DEoptim,2436,0
55,DFT_CRT,time_scaling,wide,DEoptim,2437,0
55,DFT_CRT,time_scaling,wide,DEoptim,2438,0
55,DFT_CRT,time_scaling,wide,DEoptim,2439,0
55,DFT_CRT,time_scaling,wide,DEoptim,2440,0
55,DFT_CRT,time_scaling,wide,DEoptim,2441,0
55,DFT_CRT,time_scaling,wide,DEoptim,2442,0
55,DFT_CRT,time_scaling,wide,DEoptim,2443,0
55,DFT_CRT,time_scaling,wide,DEoptim,2444,0
55,DFT_CRT,time_scaling,wide,DEoptim,2445,0
55,DFT_CRT,time_scaling,wide,DEoptim,2446,0
55,DFT_CRT,time_scaling,wide,DEoptim,2447,0
55,DFT_CRT,time_scaling,wide,DEoptim,2448,0
55,DFT_CRT,time_scaling,wide,DEoptim,2449,0
55,DFT_CRT,time_scaling,wide,DEoptim,2450,0
55,DFT_CRT,time_scaling,wide,DEoptim,2451,0
55,DFT_CRT,time_scaling,wide,DEoptim,2452,0
55,DFT_CRT,time_scaling,wide,DEoptim,2453,0
55,DFT_CRT,time_scaling,wide,DEoptim,2454,0
55,DFT_CRT,time_scaling,wide,DEoptim,2455,0
55,DFT_CRT,time_scaling,wide,DEoptim,2456,0
55,DFT_CRT,time_scaling,wide,DEoptim,2457,0
55,DFT_CRT,time_scaling,wide,DEoptim,2458,0
55,DFT_CRT,time_scaling,wide,DEoptim,2459,0
55,DFT_CRT,time_scaling,wide,DEoptim,2460,0
55,DFT_CRT,time_scaling,wide,DEoptim,2461,0
55,DFT_CRT,time_scaling,wide,DEoptim,2462,0
55,DFT_CRT,time_scaling,wide,DEoptim,2463,0
55,DFT_CRT,time_scaling,wide,DEoptim,2464,0
55,DFT_CRT,time_scaling,wide,DEoptim,2465,0
55,DFT_CRT,time_scaling,wide,DEoptim,2466,0
55,DFT_CRT,time_scaling,wide,DEoptim,2467,0
55,DFT_CRT,time_scaling,wide,DEoptim,2468,0
55,DFT_CRT,time_scaling,wide,DEoptim,2469,0
55,DFT_CRT,time_scaling,wide,DEoptim,2470,0
55,DFT_CRT,time_scaling,wide,DEoptim,2471,0
55,DFT_CRT,time_scaling,wide,DEoptim,2472,0
55,DFT_CRT,time_scaling,wide,DEoptim,2473,0
55,DFT_CRT,time_scaling,wide,DEoptim,2474,0
55,DFT_CRT,time_scaling,wide,DEoptim,2475,0
55,DFT_CRT,time_scaling,wide,DEoptim,2476,0
55,DFT_CRT,time_scaling,wide,DEoptim,2477,0
55,DFT_CRT,time_scaling,wide,DEoptim,2478,0
55,DFT_CRT,time_scaling,wide,DEoptim,2479,0
55,DFT_CRT,time_scaling,wide,DEoptim,2480,0
55,DFT_CRT,time_scaling,wide,DEoptim,2481,0
55,DFT_CRT,time_scaling,wide,DEoptim,2482,0
55,DFT_CRT,time_scaling,wide,DEoptim,2483,0
55,DFT_CRT,time_scaling,wide,DEoptim,2484,0
55,DFT_CRT,time_scaling,wide,DEoptim,2485,0
55,DFT_CRT,time_scaling,wide,DEoptim,2486,0
55,DFT_CRT,time_scaling,wide,DEoptim,2487,0
55,DFT_CRT,time_scaling,wide,DEoptim,2488,0
55,DFT_CRT,time_scaling,wide,DEoptim,2489,0
55,DFT_CRT,time_scaling,wide,DEoptim,2490,0
55,DFT_CRT,time_scaling,wide,DEoptim,2491,0
55,DFT_CRT,time_scaling,wide,DEoptim,2492,0
55,DFT_CRT,time_scaling,wide,DEoptim,2493,0
55,DFT_CRT,time_scaling,wide,DEoptim,2494,0
55,DFT_CRT,time_scaling,wide,DEoptim,2495,0
55,DFT_CRT,time_scaling,wide,DEoptim,2496,0
55,DFT_CRT,time_scaling,wide,DEoptim,2497,0
55,DFT_CRT,time_scaling,wide,DEoptim,2498,0
55,DFT_CRT,time_scaling,wide,DEoptim,2499,0
55,DFT_CRT,time_scaling,wide,DEoptim,2500,0
55,DFT_CRT,time_scaling,wide,DEoptim,2501,0
55,DFT_CRT,time_scaling,wide,DEoptim,2502,0
55,DFT_CRT,time_scaling,wide,DEoptim,2503,0
55,DFT_CRT,time_scaling,wide,DEoptim,2504,0
55,DFT_CRT,time_scaling,wide,DEoptim,2505,0
55,DFT_CRT,time_scaling,wide,DEoptim,2506,0
55,DFT_CRT,time_scaling,wide,DEoptim,2507,0
55,DFT_CRT,time_scaling,wide,DEoptim,2508,0
55,DFT_CRT,time_scaling,wide,DEoptim,2509,0
55,DFT_CRT,time_scaling,wide,DEoptim,2510,0
55,DFT_CRT,time_scaling,wide,DEoptim,2511,0
55,DFT_CRT,time_scaling,wide,DEoptim,2512,0
55,DFT_CRT,time_scaling,wide,DEoptim,2513,0
55,DFT_CRT,time_scaling,wide,DEoptim,2514,0
55,DFT_CRT,time_scaling,wide,DEoptim,2515,0
55,DFT_CRT,time_scaling,wide,DEoptim,2516,0
55,DFT_CRT,time_scaling,wide,DEoptim,2517,0
55,DFT_CRT,time_scaling,wide,DEoptim,2518,0
55,DFT_CRT,time_scaling,wide,DEoptim,2519,0
55,DFT_CRT,time_scaling,wide,DEoptim,2520,0
55,DFT_CRT,time_scaling,wide,DEoptim,2521,0
55,DFT_CRT,time_scaling,wide,DEoptim,2522,0
55,DFT_CRT,time_scaling,wide,DEoptim,2523,0
55,DFT_CRT,time_scaling,wide,DEoptim,2524,0
55,DFT_CRT,time_scaling,wide,DEoptim,2525,0
55,DFT_CRT,time_scaling,wide,DEoptim,2526,0
55,DFT_CRT,time_scaling,wide,DEoptim,2527,0
55,DFT_CRT,time_scaling,wide,DEoptim,2528,0
55,DFT_CRT,time_scaling,wide,DEoptim,2529,0
55,DFT_CRT,time_scaling,wide,DEoptim,2530,0
55,DFT_CRT,time_scaling,wide,DEoptim,2531,0
55,DFT_CRT,time_scaling,wide,DEoptim,2532,0
55,DFT_CRT,time_scaling,wide,DEoptim,2533,0
55,DFT_CRT,time_scaling,wide,DEoptim,2534,0
55,DFT_CRT,time_scaling,wide,DEoptim,2535,0
55,DFT_CRT,time_scaling,wide,DEoptim,2536,0
55,DFT_CRT,time_scaling,wide,DEoptim,2537,0
55,DFT_CRT,time_scaling,wide,DEoptim,2538,0
55,DFT_CRT,time_scaling,wide,DEoptim,2539,0
55,DFT_CRT,time_scaling,wide,DEoptim,2540,0
55,DFT_CRT,time_scaling,wide,DEoptim,2541,0
55,DFT_CRT,time_scaling,wide,DEoptim,2542,0
55,DFT_CRT,time_scaling,wide,DEoptim,2543,0
55,DFT_CRT,time_scaling,wide,DEoptim,2544,0
55,DFT_CRT,time_scaling,wide,DEoptim,2545,0
55,DFT_CRT,time_scaling,wide,DEoptim,2546,0
55,DFT_CRT,time_scaling,wide,DEoptim,2547,0
55,DFT_CRT,time_scaling,wide,DEoptim,2548,0
55,DFT_CRT,time_scaling,wide,DEoptim,2549,0
55,DFT_CRT,time_scaling,wide,DEoptim,2550,0
55,DFT_CRT,time_scaling,wide,DEoptim,2551,0
55,DFT_CRT,time_scaling,wide,DEoptim,2552,0
55,DFT_CRT,time_scaling,wide,DEoptim,2553,0
55,DFT_CRT,time_scaling,wide,DEoptim,2554,0
55,DFT_CRT,time_scaling,wide,DEoptim,2555,0
55,DFT_CRT,time_scaling,wide,DEoptim,2556,0
55,DFT_CRT,time_scaling,wide,DEoptim,2557,0
55,DFT_CRT,time_scaling,wide,DEoptim,2558,0
55,DFT_CRT,time_scaling,wide,DEoptim,2559,0
55,DFT_CRT,time_scaling,wide,DEoptim,2560,0
55,DFT_CRT,time_scaling,wide,DEoptim,2561,0
55,DFT_CRT,time_scaling,wide,DEoptim,2562,0
55,DFT_CRT,time_scaling,wide,DEoptim,2563,0
55,DFT_CRT,time_scaling,wide,DEoptim,2564,0
55,DFT_CRT,time_scaling,wide,DEoptim,2565,0
55,DFT_CRT,time_scaling,wide,DEoptim,2566,0
55,DFT_CRT,time_scaling,wide,DEoptim,2567,0
55,DFT_CRT,time_scaling,wide,DEoptim,2568,0
55,DFT_CRT,time_scaling,wide,DEoptim,2569,0
55,DFT_CRT,time_scaling,wide,DEoptim,2570,0
55,DFT_CRT,time_scaling,wide,DEoptim,2571,0
55,DFT_CRT,time_scaling,wide,DEoptim,2572,0
55,DFT_CRT,time_scaling,wide,DEoptim,2573,0
55,DFT_CRT,time_scaling,wide,DEoptim,2574,0
55,DFT_CRT,time_scaling,wide,DEoptim,2575,0
55,DFT_CRT,time_scaling,wide,DEoptim,2576,0
55,DFT_CRT,time_scaling,wide,DEoptim,2577,0
55,DFT_CRT,time_scaling,wide,DEoptim,2578,0
55,DFT_CRT,time_scaling,wide,DEoptim,2579,0
55,DFT_CRT,time_scaling,wide,DEoptim,2580,0
55,DFT_CRT,time_scaling,wide,DEoptim,2581,0
55,DFT_CRT,time_scaling,wide,DEoptim,2582,0
55,DFT_CRT,time_scaling,wide,DEoptim,2583,0
55,DFT_CRT,time_scaling,wide,DEoptim,2584,0
55,DFT_CRT,time_scaling,wide,DEoptim,2585,0
55,DFT_CRT,time_scaling,wide,DEoptim,2586,0
55,DFT_CRT,time_scaling,wide,DEoptim,2587,0
55,DFT_CRT,time_scaling,wide,DEoptim,2588,0
55,DFT_CRT,time_scaling,wide,DEoptim,2589,0
55,DFT_CRT,time_scaling,wide,DEoptim,2590,0
55,DFT_CRT,time_scaling,wide,DEoptim,2591,0
55,DFT_CRT,time_scaling,wide,DEoptim,2592,0
55,DFT_CRT,time_scaling,wide,DEoptim,2593,0
55,DFT_CRT,time_scaling,wide,DEoptim,2594,0
55,DFT_CRT,time_scaling,wide,DEoptim,2595,0
55,DFT_CRT,time_scaling,wide,DEoptim,2596,0
55,DFT_CRT,time_scaling,wide,DEoptim,2597,0
55,DFT_CRT,time_scaling,wide,DEoptim,2598,0
55,DFT_CRT,time_scaling,wide,DEoptim,2599,0
55,DFT_CRT,time_scaling,wide,DEoptim,2600,0
55,DFT_CRT,time_scaling,wide,DEoptim,2601,0
55,DFT_CRT,time_scaling,wide,DEoptim,2602,0
55,DFT_CRT,time_scaling,wide,DEoptim,2603,0
55,DFT_CRT,time_scaling,wide,DEoptim,2604,0
55,DFT_CRT,time_scaling,wide,DEoptim,2605,0
55,DFT_CRT,time_scaling,wide,DEoptim,2606,0
55,DFT_CRT,time_scaling,wide,DEoptim,2607,0
55,DFT_CRT,time_scaling,wide,DEoptim,2608,0
55,DFT_CRT,time_scaling,wide,DEoptim,2609,0
55,DFT_CRT,time_scaling,wide,DEoptim,2610,0
55,DFT_CRT,time_scaling,wide,DEoptim,2611,0
55,DFT_CRT,time_scaling,wide,DEoptim,2612,0
55,DFT_CRT,time_scaling,wide,DEoptim,2613,0
55,DFT_CRT,time_scaling,wide,DEoptim,2614,0
55,DFT_CRT,time_scaling,wide,DEoptim,2615,0
55,DFT_CRT,time_scaling,wide,DEoptim,2616,0
55,DFT_CRT,time_scaling,wide,DEoptim,2617,0
55,DFT_CRT,time_scaling,wide,DEoptim,2618,0
55,DFT_CRT,time_scaling,wide,DEoptim,2619,0
55,DFT_CRT,time_scaling,wide,DEoptim,2620,0
55,DFT_CRT,time_scaling,wide,DEoptim,2621,0
55,DFT_CRT,time_scaling,wide,DEoptim,2622,0
55,DFT_CRT,time_scaling,wide,DEoptim,2623,0
55,DFT_CRT,time_scaling,wide,DEoptim,2624,0
55,DFT_CRT,time_scaling,wide,DEoptim,2625,0
55,DFT_CRT,time_scaling,wide,DEoptim,2626,0
55,DFT_CRT,time_scaling,wide,DEoptim,2627,0
55,DFT_CRT,time_scaling,wide,DEoptim,2628,0
55,DFT_CRT,time_scaling,wide,DEoptim,2629,0
55,DFT_CRT,time_scaling,wide,DEoptim,2630,0
55,DFT_CRT,time_scaling,wide,DEoptim,2631,0
55,DFT_CRT,time_scaling,wide,DEoptim,2632,0
55,DFT_CRT,time_scaling,wide,DEoptim,2633,0
55,DFT_CRT,time_scaling,wide,DEoptim,2634,0
55,DFT_CRT,time_scaling,wide,DEoptim,2635,0
55,DFT_CRT,time_scaling,wide,DEoptim,2636,0
55,DFT_CRT,time_scaling,wide,DEoptim,2637,0
55,DFT_CRT,time_scaling,wide,DEoptim,2638,0
55,DFT_CRT,time_scaling,wide,DEoptim,2639,0
55,DFT_CRT,time_scaling,wide,DEoptim,2640,0
55,DFT_CRT,time_scaling,wide,DEoptim,2641,0
55,DFT_CRT,time_scaling,wide,DEoptim,2642,0
55,DFT_CRT,time_scaling,wide,DEoptim,2643,0
55,DFT_CRT,time_scaling,wide,DEoptim,2644,0
55,DFT_CRT,time_scaling,wide,DEoptim,2645,0
55,DFT_CRT,time_scaling,wide,DEoptim,2646,0
55,DFT_CRT,time_scaling,wide,DEoptim,2647,0
55,DFT_CRT,time_scaling,wide,DEoptim,2648,0
55,DFT_CRT,time_scaling,wide,DEoptim,2649,0
55,DFT_CRT,time_scaling,wide,DEoptim,2650,0
55,DFT_CRT,time_scaling,wide,DEoptim,2651,0
55,DFT_CRT,time_scaling,wide,DEoptim,2652,0
55,DFT_CRT,time_scaling,wide,DEoptim,2653,0
55,DFT_CRT,time_scaling,wide,DEoptim,2654,0
55,DFT_CRT,time_scaling,wide,DEoptim,2655,0
55,DFT_CRT,time_scaling,wide,DEoptim,2656,0
55,DFT_CRT,time_scaling,wide,DEoptim,2657,0
55,DFT_CRT,time_scaling,wide,DEoptim,2658,0
55,DFT_CRT,time_scaling,wide,DEoptim,2659,0
55,DFT_CRT,time_scaling,wide,DEoptim,2660,0
55,DFT_CRT,time_scaling,wide,DEoptim,2661,0
55,DFT_CRT,time_scaling,wide,DEoptim,2662,0
55,DFT_CRT,time_scaling,wide,DEoptim,2663,0
55,DFT_CRT,time_scaling,wide,DEoptim,2664,0
55,DFT_CRT,time_scaling,wide,DEoptim,2665,0
55,DFT_CRT,time_scaling,wide,DEoptim,2666,0
55,DFT_CRT,time_scaling,wide,DEoptim,2667,0
55,DFT_CRT,time_scaling,wide,DEoptim,2668,0
55,DFT_CRT,time_scaling,wide,DEoptim,2669,0
55,DFT_CRT,time_scaling,wide,DEoptim,2670,0
55,DFT_CRT,time_scaling,wide,DEoptim,2671,0
55,DFT_CRT,time_scaling,wide,DEoptim,2672,0
55,DFT_CRT,time_scaling,wide,DEoptim,2673,0
55,DFT_CRT,time_scaling,wide,DEoptim,2674,0
55,DFT_CRT,time_scaling,wide,DEoptim,2675,0
55,DFT_CRT,time_scaling,wide,DEoptim,2676,0
55,DFT_CRT,time_scaling,wide,DEoptim,2677,0
55,DFT_CRT,time_scaling,wide,DEoptim,2678,0
55,DFT_CRT,time_scaling,wide,DEoptim,2679,0
55,DFT_CRT,time_scaling,wide,DEoptim,2680,0
55,DFT_CRT,time_scaling,wide,DEoptim,2681,0
55,DFT_CRT,time_scaling,wide,DEoptim,2682,0
55,DFT_CRT,time_scaling,wide,DEoptim,2683,0
55,DFT_CRT,time_scaling,wide,DEoptim,2684,0
55,DFT_CRT,time_scaling,wide,DEoptim,2685,0
55,DFT_CRT,time_scaling,wide,DEoptim,2686,0
55,DFT_CRT,time_scaling,wide,DEoptim,2687,0
55,DFT_CRT,time_scaling,wide,DEoptim,2688,0
55,DFT_CRT,time_scaling,wide,DEoptim,2689,0
55,DFT_CRT,time_scaling,wide,DEoptim,2690,0
55,DFT_CRT,time_scaling,wide,DEoptim,2691,0
55,DFT_CRT,time_scaling,wide,DEoptim,2692,0
55,DFT_CRT,time_scaling,wide,DEoptim,2693,0
55,DFT_CRT,time_scaling,wide,DEoptim,2694,0
55,DFT_CRT,time_scaling,wide,DEoptim,2695,0
55,DFT_CRT,time_scaling,wide,DEoptim,2696,0
55,DFT_CRT,time_scaling,wide,DEoptim,2697,0
55,DFT_CRT,time_scaling,wide,DEoptim,2698,0
55,DFT_CRT,time_scaling,wide,DEoptim,2699,0
55,DFT_CRT,time_scaling,wide,DEoptim,2700,0
55,DFT_CRT,time_scaling,wide,DEoptim,2701,0
55,DFT_CRT,time_scaling,wide,DEoptim,2702,0
55,DFT_CRT,time_scaling,wide,DEoptim,2703,0
55,DFT_CRT,time_scaling,wide,DEoptim,2704,0
55,DFT_CRT,time_scaling,wide,DEoptim,2705,0
55,DFT_CRT,time_scaling,wide,DEoptim,2706,0
55,DFT_CRT,time_scaling,wide,DEoptim,2707,0
55,DFT_CRT,time_scaling,wide,DEoptim,2708,0
55,DFT_CRT,time_scaling,wide,DEoptim,2709,0
55,DFT_CRT,time_scaling,wide,DEoptim,2710,0
55,DFT_CRT,time_scaling,wide,DEoptim,2711,0
55,DFT_CRT,time_scaling,wide,DEoptim,2712,0
55,DFT_CRT,time_scaling,wide,DEoptim,2713,0
55,DFT_CRT,time_scaling,wide,DEoptim,2714,0
55,DFT_CRT,time_scaling,wide,DEoptim,2715,0
55,DFT_CRT,time_scaling,wide,DEoptim,2716,0
55,DFT_CRT,time_scaling,wide,DEoptim,2717,0
55,DFT_CRT,time_scaling,wide,DEoptim,2718,0
55,DFT_CRT,time_scaling,wide,DEoptim,2719,0
55,DFT_CRT,time_scaling,wide,DEoptim,2720,0
55,DFT_CRT,time_scaling,wide,DEoptim,2721,0
55,DFT_CRT,time_scaling,wide,DEoptim,2722,0
55,DFT_CRT,time_scaling,wide,DEoptim,2723,0
55,DFT_CRT,time_scaling,wide,DEoptim,2724,0
55,DFT_CRT,time_scaling,wide,DEoptim,2725,0
55,DFT_CRT,time_scaling,wide,DEoptim,2726,0
55,DFT_CRT,time_scaling,wide,DEoptim,2727,0
55,DFT_CRT,time_scaling,wide,DEoptim,2728,0
55,DFT_CRT,time_scaling,wide,DEoptim,2729,0
55,DFT_CRT,time_scaling,wide,DEoptim,2730,0
55,DFT_CRT,time_scaling,wide,DEoptim,2731,0
55,DFT_CRT,time_scaling,wide,DEoptim,2732,0
55,DFT_CRT,time_scaling,wide,DEoptim,2733,0
55,DFT_CRT,time_scaling,wide,DEoptim,2734,0
55,DFT_CRT,time_scaling,wide,DEoptim,2735,0
55,DFT_CRT,time_scaling,wide,DEoptim,2736,0
55,DFT_CRT,time_scaling,wide,DEoptim,2737,0
55,DFT_CRT,time_scaling,wide,DEoptim,2738,0
55,DFT_CRT,time_scaling,wide,DEoptim,2739,0
55,DFT_CRT,time_scaling,wide,DEoptim,2740,0
55,DFT_CRT,time_scaling,wide,DEoptim,2741,0
55,DFT_CRT,time_scaling,wide,DEoptim,2742,0
55,DFT_CRT,time_scaling,wide,DEoptim,2743,0
55,DFT_CRT,time_scaling,wide,DEoptim,2744,0
55,DFT_CRT,time_scaling,wide,DEoptim,2745,0
55,DFT_CRT,time_scaling,wide,DEoptim,2746,0
55,DFT_CRT,time_scaling,wide,DEoptim,2747,0
55,DFT_CRT,time_scaling,wide,DEoptim,2748,0
55,DFT_CRT,time_scaling,wide,DEoptim,2749,0
55,DFT_CRT,time_scaling,wide,DEoptim,2750,0
55,DFT_CRT,time_scaling,wide,DEoptim,2751,0
55,DFT_CRT,time_scaling,wide,DEoptim,2752,0
55,DFT_CRT,time_scaling,wide,DEoptim,2753,0
55,DFT_CRT,time_scaling,wide,DEoptim,2754,0
55,DFT_CRT,time_scaling,wide,DEoptim,2755,0
55,DFT_CRT,time_scaling,wide,DEoptim,2756,0
55,DFT_CRT,time_scaling,wide,DEoptim,2757,0
55,DFT_CRT,time_scaling,wide,DEoptim,2758,0
55,DFT_CRT,time_scaling,wide,DEoptim,2759,0
55,DFT_CRT,time_scaling,wide,DEoptim,2760,0
55,DFT_CRT,time_scaling,wide,DEoptim,2761,0
55,DFT_CRT,time_scaling,wide,DEoptim,2762,0
55,DFT_CRT,time_scaling,wide,DEoptim,2763,0
55,DFT_CRT,time_scaling,wide,DEoptim,2764,0
55,DFT_CRT,time_scaling,wide,DEoptim,2765,0
55,DFT_CRT,time_scaling,wide,DEoptim,2766,0
55,DFT_CRT,time_scaling,wide,DEoptim,2767,0
55,DFT_CRT,time_scaling,wide,DEoptim,2768,0
55,DFT_CRT,time_scaling,wide,DEoptim,2769,0
55,DFT_CRT,time_scaling,wide,DEoptim,2770,0
55,DFT_CRT,time_scaling,wide,DEoptim,2771,0
55,DFT_CRT,time_scaling,wide,DEoptim,2772,0
55,DFT_CRT,time_scaling,wide,DEoptim,2773,0
55,DFT_CRT,time_scaling,wide,DEoptim,2774,0
55,DFT_CRT,time_scaling,wide,DEoptim,2775,0
55,DFT_CRT,time_scaling,wide,DEoptim,2776,0
55,DFT_CRT,time_scaling,wide,DEoptim,2777,0
55,DFT_CRT,time_scaling,wide,DEoptim,2778,0
55,DFT_CRT,time_scaling,wide,DEoptim,2779,0
55,DFT_CRT,time_scaling,wide,DEoptim,2780,0
55,DFT_CRT,time_scaling,wide,DEoptim,2781,0
55,DFT_CRT,time_scaling,wide,DEoptim,2782,0
55,DFT_CRT,time_scaling,wide,DEoptim,2783,0
55,DFT_CRT,time_scaling,wide,DEoptim,2784,0
55,DFT_CRT,time_scaling,wide,DEoptim,2785,0
55,DFT_CRT,time_scaling,wide,DEoptim,2786,0
55,DFT_CRT,time_scaling,wide,DEoptim,2787,0
55,DFT_CRT,time_scaling,wide,DEoptim,2788,0
55,DFT_CRT,time_scaling,wide,DEoptim,2789,0
55,DFT_CRT,time_scaling,wide,DEoptim,2790,0
55,DFT_CRT,time_scaling,wide,DEoptim,2791,0
55,DFT_CRT,time_scaling,wide,DEoptim,2792,0
55,DFT_CRT,time_scaling,wide,DEoptim,2793,0
55,DFT_CRT,time_scaling,wide,DEoptim,2794,0
55,DFT_CRT,time_scaling,wide,DEoptim,2795,0
55,DFT_CRT,time_scaling,wide,DEoptim,2796,0
55,DFT_CRT,time_scaling,wide,DEoptim,2797,0
55,DFT_CRT,time_scaling,wide,DEoptim,2798,0
55,DFT_CRT,time_scaling,wide,DEoptim,2799,0
55,DFT_CRT,time_scaling,wide,DEoptim,2800,0
55,DFT_CRT,time_scaling,wide,DEoptim,2801,0
55,DFT_CRT,time_scaling,wide,DEoptim,2802,0
55,DFT_CRT,time_scaling,wide,DEoptim,2803,0
55,DFT_CRT,time_scaling,wide,DEoptim,2804,0
55,DFT_CRT,time_scaling,wide,DEoptim,2805,0
55,DFT_CRT,time_scaling,wide,DEoptim,2806,0
55,DFT_CRT,time_scaling,wide,DEoptim,2807,0
55,DFT_CRT,time_scaling,wide,DEoptim,2808,0
55,DFT_CRT,time_scaling,wide,DEoptim,2809,0
55,DFT_CRT,time_scaling,wide,DEoptim,2810,0
55,DFT_CRT,time_scaling,wide,DEoptim,2811,0
55,DFT_CRT,time_scaling,wide,DEoptim,2812,0
55,DFT_CRT,time_scaling,wide,DEoptim,2813,0
55,DFT_CRT,time_scaling,wide,DEoptim,2814,0
55,DFT_CRT,time_scaling,wide,DEoptim,2815,0
55,DFT_CRT,time_scaling,wide,DEoptim,2816,0
55,DFT_CRT,time_scaling,wide,DEoptim,2817,0
55,DFT_CRT,time_scaling,wide,DEoptim,2818,0
55,DFT_CRT,time_scaling,wide,DEoptim,2819,0
55,DFT_CRT,time_scaling,wide,DEoptim,2820,0
55,DFT_CRT,time_scaling,wide,DEoptim,2821,0
55,DFT_CRT,time_scaling,wide,DEoptim,2822,0
55,DFT_CRT,time_scaling,wide,DEoptim,2823,0
55,DFT_CRT,time_scaling,wide,DEoptim,2824,0
55,DFT_CRT,time_scaling,wide,DEoptim,2825,0
55,DFT_CRT,time_scaling,wide,DEoptim,2826,0
55,DFT_CRT,time_scaling,wide,DEoptim,2827,0
55,DFT_CRT,time_scaling,wide,DEoptim,2828,0
55,DFT_CRT,time_scaling,wide,DEoptim,2829,0
55,DFT_CRT,time_scaling,wide,DEoptim,2830,0
55,DFT_CRT,time_scaling,wide,DEoptim,2831,0
55,DFT_CRT,time_scaling,wide,DEoptim,2832,0
55,DFT_CRT,time_scaling,wide,DEoptim,2833,0
55,DFT_CRT,time_scaling,wide,DEoptim,2834,0
55,DFT_CRT,time_scaling,wide,DEoptim,2835,0
55,DFT_CRT,time_scaling,wide,DEoptim,2836,0
55,DFT_CRT,time_scaling,wide,DEoptim,2837,0
55,DFT_CRT,time_scaling,wide,DEoptim,2838,0
55,DFT_CRT,time_scaling,wide,DEoptim,2839,0
55,DFT_CRT,time_scaling,wide,DEoptim,2840,0
55,DFT_CRT,time_scaling,wide,DEoptim,2841,0
55,DFT_CRT,time_scaling,wide,DEoptim,2842,0
55,DFT_CRT,time_scaling,wide,DEoptim,2843,0
55,DFT_CRT,time_scaling,wide,DEoptim,2844,0
55,DFT_CRT,time_scaling,wide,DEoptim,2845,0
55,DFT_CRT,time_scaling,wide,DEoptim,2846,0
55,DFT_CRT,time_scaling,wide,DEoptim,2847,0
55,DFT_CRT,time_scaling,wide,DEoptim,2848,0
55,DFT_CRT,time_scaling,wide,DEoptim,2849,0
55,DFT_CRT,time_scaling,wide,DEoptim,2850,0
55,DFT_CRT,time_scaling,wide,DEoptim,2851,0
55,DFT_CRT,time_scaling,wide,DEoptim,2852,0
55,DFT_CRT,time_scaling,wide,DEoptim,2853,0
55,DFT_CRT,time_scaling,wide,DEoptim,2854,0
55,DFT_CRT,time_scaling,wide,DEoptim,2855,0
55,DFT_CRT,time_scaling,wide,DEoptim,2856,0
55,DFT_CRT,time_scaling,wide,DEoptim,2857,0
55,DFT_CRT,time_scaling,wide,DEoptim,2858,0
55,DFT_CRT,time_scaling,wide,DEoptim,2859,0
55,DFT_CRT,time_scaling,wide,DEoptim,2860,0
55,DFT_CRT,time_scaling,wide,DEoptim,2861,0
55,DFT_CRT,time_scaling,wide,DEoptim,2862,0
55,DFT_CRT,time_scaling,wide,DEoptim,2863,0
55,DFT_CRT,time_scaling,wide,DEoptim,2864,0
55,DFT_CRT,time_scaling,wide,DEoptim,2865,0
55,DFT_CRT,time_scaling,wide,DEoptim,2866,0
55,DFT_CRT,time_scaling,wide,DEoptim,2867,0
55,DFT_CRT,time_scaling,wide,DEoptim,2868,0
55,DFT_CRT,time_scaling,wide,DEoptim,2869,0
55,DFT_CRT,time_scaling,wide,DEoptim,2870,0
55,DFT_CRT,time_scaling,wide,DEoptim,2871,0
55,DFT_CRT,time_scaling,wide,DEoptim,2872,0
55,DFT_CRT,time_scaling,wide,DEoptim,2873,0
55,DFT_CRT,time_scaling,wide,DEoptim,2874,0
55,DFT_CRT,time_scaling,wide,DEoptim,2875,0
55,DFT_CRT,time_scaling,wide,DEoptim,2876,0
55,DFT_CRT,time_scaling,wide,DEoptim,2877,0
55,DFT_CRT,time_scaling,wide,DEoptim,2878,0
55,DFT_CRT,time_scaling,wide,DEoptim,2879,0
55,DFT_CRT,time_scaling,wide,DEoptim,2880,0
55,DFT_CRT,time_scaling,wide,DEoptim,2881,0
55,DFT_CRT,time_scaling,wide,DEoptim,2882,0
55,DFT_CRT,time_scaling,wide,DEoptim,2883,0
55,DFT_CRT,time_scaling,wide,DEoptim,2884,0
55,DFT_CRT,time_scaling,wide,DEoptim,2885,0
55,DFT_CRT,time_scaling,wide,DEoptim,2886,0
55,DFT_CRT,time_scaling,wide,DEoptim,2887,0
55,DFT_CRT,time_scaling,wide,DEoptim,2888,0
55,DFT_CRT,time_scaling,wide,DEoptim,2889,0
55,DFT_CRT,time_scaling,wide,DEoptim,2890,0
55,DFT_CRT,time_scaling,wide,DEoptim,2891,0
55,DFT_CRT,time_scaling,wide,DEoptim,2892,0
55,DFT_CRT,time_scaling,wide,DEoptim,2893,0
55,DFT_CRT,time_scaling,wide,DEoptim,2894,0
55,DFT_CRT,time_scaling,wide,DEoptim,2895,0
55,DFT_CRT,time_scaling,wide,DEoptim,2896,0
55,DFT_CRT,time_scaling,wide,DEoptim,2897,0
55,DFT_CRT,time_scaling,wide,DEoptim,2898,0
55,DFT_CRT,time_scaling,wide,DEoptim,2899,0
55,DFT_CRT,time_scaling,wide,DEoptim,2900,0
55,DFT_CRT,time_scaling,wide,DEoptim,2901,0
55,DFT_CRT,time_scaling,wide,DEoptim,2902,0
55,DFT_CRT,time_scaling,wide,DEoptim,2903,0
55,DFT_CRT,time_scaling,wide,DEoptim,2904,0
55,DFT_CRT,time_scaling,wide,DEoptim,2905,0
55,DFT_CRT,time_scaling,wide,DEoptim,2906,0
55,DFT_CRT,time_scaling,wide,DEoptim,2907,0
55,DFT_CRT,time_scaling,wide,DEoptim,2908,0
55,DFT_CRT,time_scaling,wide,DEoptim,2909,0
55,DFT_CRT,time_scaling,wide,DEoptim,2910,0
55,DFT_CRT,time_scaling,wide,DEoptim,2911,0
55,DFT_CRT,time_scaling,wide,DEoptim,2912,0
55,DFT_CRT,time_scaling,wide,DEoptim,2913,0
55,DFT_CRT,time_scaling,wide,DEoptim,2914,0
55,DFT_CRT,time_scaling,wide,DEoptim,2915,0
55,DFT_CRT,time_scaling,wide,DEoptim,2916,0
55,DFT_CRT,time_scaling,wide,DEoptim,2917,0
55,DFT_CRT,time_scaling,wide,DEoptim,2918,0
55,DFT_CRT,time_scaling,wide,DEoptim,2919,0
55,DFT_CRT,time_scaling,wide,DEoptim,2920,0
55,DFT_CRT,time_scaling,wide,DEoptim,2921,0
55,DFT_CRT,time_scaling,wide,DEoptim,2922,0
55,DFT_CRT,time_scaling,wide,DEoptim,2923,0
55,DFT_CRT,time_scaling,wide,DEoptim,2924,0
55,DFT_CRT,time_scaling,wide,DEoptim,2925,0
55,DFT_CRT,time_scaling,wide,DEoptim,2926,0
55,DFT_CRT,time_scaling,wide,DEoptim,2927,0
55,DFT_CRT,time_scaling,wide,DEoptim,2928,0
55,DFT_CRT,time_scaling,wide,DEoptim,2929,0
55,DFT_CRT,time_scaling,wide,DEoptim,2930,0
55,DFT_CRT,time_scaling,wide,DEoptim,2931,0
55,DFT_CRT,time_scaling,wide,DEoptim,2932,0
55,DFT_CRT,time_scaling,wide,DEoptim,2933,0
55,DFT_CRT,time_scaling,wide,DEoptim,2934,0
55,DFT_CRT,time_scaling,wide,DEoptim,2935,0
55,DFT_CRT,time_scaling,wide,DEoptim,2936,0
55,DFT_CRT,time_scaling,wide,DEoptim,2937,0
55,DFT_CRT,time_scaling,wide,DEoptim,2938,0
55,DFT_CRT,time_scaling,wide,DEoptim,2939,0
55,DFT_CRT,time_scaling,wide,DEoptim,2940,0
55,DFT_CRT,time_scaling,wide,DEoptim,2941,0
55,DFT_CRT,time_scaling,wide,DEoptim,2942,0
55,DFT_CRT,time_scaling,wide,DEoptim,2943,0
55,DFT_CRT,time_scaling,wide,DEoptim,2944,0
55,DFT_CRT,time_scaling,wide,DEoptim,2945,0
55,DFT_CRT,time_scaling,wide,DEoptim,2946,0
55,DFT_CRT,time_scaling,wide,DEoptim,2947,0
55,DFT_CRT,time_scaling,wide,DEoptim,2948,0
55,DFT_CRT,time_scaling,wide,DEoptim,2949,0
55,DFT_CRT,time_scaling,wide,DEoptim,2950,0
55,DFT_CRT,time_scaling,wide,DEoptim,2951,0
55,DFT_CRT,time_scaling,wide,DEoptim,2952,0
55,DFT_CRT,time_scaling,wide,DEoptim,2953,0
55,DFT_CRT,time_scaling,wide,DEoptim,2954,0
55,DFT_CRT,time_scaling,wide,DEoptim,2955,0
55,DFT_CRT,time_scaling,wide,DEoptim,2956,0
55,DFT_CRT,time_scaling,wide,DEoptim,2957,0
55,DFT_CRT,time_scaling,wide,DEoptim,2958,0
55,DFT_CRT,time_scaling,wide,DEoptim,2959,0
55,DFT_CRT,time_scaling,wide,DEoptim,2960,0
55,DFT_CRT,time_scaling,wide,DEoptim,2961,0
55,DFT_CRT,time_scaling,wide,DEoptim,2962,0
55,DFT_CRT,time_scaling,wide,DEoptim,2963,0
55,DFT_CRT,time_scaling,wide,DEoptim,2964,0
55,DFT_CRT,time_scaling,wide,DEoptim,2965,0
55,DFT_CRT,time_scaling,wide,DEoptim,2966,0
55,DFT_CRT,time_scaling,wide,DEoptim,2967,0
55,DFT_CRT,time_scaling,wide,DEoptim,2968,0
55,DFT_CRT,time_scaling,wide,DEoptim,2969,0
55,DFT_CRT,time_scaling,wide,DEoptim,2970,0
55,DFT_CRT,time_scaling,wide,DEoptim,2971,0
55,DFT_CRT,time_scaling,wide,DEoptim,2972,0
55,DFT_CRT,time_scaling,wide,DEoptim,2973,0
55,DFT_CRT,time_scaling,wide,DEoptim,2974,0
55,DFT_CRT,time_scaling,wide,DEoptim,2975,0
55,DFT_CRT,time_scaling,wide,DEoptim,2976,0
55,DFT_CRT,time_scaling,wide,DEoptim,2977,0
55,DFT_CRT,time_scaling,wide,DEoptim,2978,0
55,DFT_CRT,time_scaling,wide,DEoptim,2979,0
55,DFT_CRT,time_scaling,wide,DEoptim,2980,0
55,DFT_CRT,time_scaling,wide,DEoptim,2981,0
55,DFT_CRT,time_scaling,wide,DEoptim,2982,0
55,DFT_CRT,time_scaling,wide,DEoptim,2983,0
55,DFT_CRT,time_scaling,wide,DEoptim,2984,0
55,DFT_CRT,time_scaling,wide,DEoptim,2985,0
55,DFT_CRT,time_scaling,wide,DEoptim,2986,0
55,DFT_CRT,time_scaling,wide,DEoptim,2987,0
55,DFT_CRT,time_scaling,wide,DEoptim,2988,0
55,DFT_CRT,time_scaling,wide,DEoptim,2989,0
55,DFT_CRT,time_scaling,wide,DEoptim,2990,0
55,DFT_CRT,time_scaling,wide,DEoptim,2991,0
55,DFT_CRT,time_scaling,wide,DEoptim,2992,0
55,DFT_CRT,time_scaling,wide,DEoptim,2993,0
55,DFT_CRT,time_scaling,wide,DEoptim,2994,0
55,DFT_CRT,time_scaling,wide,DEoptim,2995,0
55,DFT_CRT,time_scaling,wide,DEoptim,2996,0
55,DFT_CRT,time_scaling,wide,DEoptim,2997,0
55,DFT_CRT,time_scaling,wide,DEoptim,2998,0
55,DFT_CRT,time_scaling,wide,DEoptim,2999,0
55,DFT_CRT,time_scaling,wide,DEoptim,3000,0
55,DFT_CRT,time_scaling,wide,DEoptim,3001,0
55,DFT_CRT,time_scaling,wide,DEoptim,3002,0
55,DFT_CRT,time_scaling,wide,DEoptim,3003,0
55,DFT_CRT,time_scaling,wide,DEoptim,3004,0
55,DFT_CRT,time_scaling,wide,DEoptim,3005,0
55,DFT_CRT,time_scaling,wide,DEoptim,3006,0
55,DFT_CRT,time_scaling,wide,DEoptim,3007,0
55,DFT_CRT,time_scaling,wide,DEoptim,3008,0
55,DFT_CRT,time_scaling,wide,DEoptim,3009,0
55,DFT_CRT,time_scaling,wide,DEoptim,3010,0
55,DFT_CRT,time_scaling,wide,DEoptim,3011,0
55,DFT_CRT,time_scaling,wide,DEoptim,3012,0
55,DFT_CRT,time_scaling,wide,DEoptim,3013,0
55,DFT_CRT,time_scaling,wide,DEoptim,3014,0
55,DFT_CRT,time_scaling,wide,DEoptim,3015,0
55,DFT_CRT,time_scaling,wide,DEoptim,3016,0
55,DFT_CRT,time_scaling,wide,DEoptim,3017,0
55,DFT_CRT,time_scaling,wide,DEoptim,3018,0
55,DFT_CRT,time_scaling,wide,DEoptim,3019,0
55,DFT_CRT,time_scaling,wide,DEoptim,3020,0
55,DFT_CRT,time_scaling,wide,DEoptim,3021,0
55,DFT_CRT,time_scaling,wide,DEoptim,3022,0
55,DFT_CRT,time_scaling,wide,DEoptim,3023,0
55,DFT_CRT,time_scaling,wide,DEoptim,3024,0
55,DFT_CRT,time_scaling,wide,DEoptim,3025,0
55,DFT_CRT,time_scaling,wide,DEoptim,3026,0
55,DFT_CRT,time_scaling,wide,DEoptim,3027,0
55,DFT_CRT,time_scaling,wide,DEoptim,3028,0
55,DFT_CRT,time_scaling,wide,DEoptim,3029,0
55,DFT_CRT,time_scaling,wide,DEoptim,3030,0
55,DFT_CRT,time_scaling,wide,DEoptim,3031,0
55,DFT_CRT,time_scaling,wide,DEoptim,3032,0
55,DFT_CRT,time_scaling,wide,DEoptim,3033,0
55,DFT_CRT,time_scaling,wide,DEoptim,3034,0
55,DFT_CRT,time_scaling,wide,DEoptim,3035,0
55,DFT_CRT,time_scaling,wide,DEoptim,3036,0
55,DFT_CRT,time_scaling,wide,DEoptim,3037,0
55,DFT_CRT,time_scaling,wide,DEoptim,3038,0
55,DFT_CRT,time_scaling,wide,DEoptim,3039,0
55,DFT_CRT,time_scaling,wide,DEoptim,3040,0
55,DFT_CRT,time_scaling,wide,DEoptim,3041,0
55,DFT_CRT,time_scaling,wide,DEoptim,3042,0
55,DFT_CRT,time_scaling,wide,DEoptim,3043,0
55,DFT_CRT,time_scaling,wide,DEoptim,3044,0
55,DFT_CRT,time_scaling,wide,DEoptim,3045,0
55,DFT_CRT,time_scaling,wide,DEoptim,3046,0
55,DFT_CRT,time_scaling,wide,DEoptim,3047,0
55,DFT_CRT,time_scaling,wide,DEoptim,3048,0
55,DFT_CRT,time_scaling,wide,DEoptim,3049,0
55,DFT_CRT,time_scaling,wide,DEoptim,3050,0
55,DFT_CRT,time_scaling,wide,DEoptim,3051,0
55,DFT_CRT,time_scaling,wide,DEoptim,3052,0
55,DFT_CRT,time_scaling,wide,DEoptim,3053,0
55,DFT_CRT,time_scaling,wide,DEoptim,3054,0
55,DFT_CRT,time_scaling,wide,DEoptim,3055,0
55,DFT_CRT,time_scaling,wide,DEoptim,3056,0
55,DFT_CRT,time_scaling,wide,DEoptim,3057,0
55,DFT_CRT,time_scaling,wide,DEoptim,3058,0
55,DFT_CRT,time_scaling,wide,DEoptim,3059,0
55,DFT_CRT,time_scaling,wide,DEoptim,3060,0
55,DFT_CRT,time_scaling,wide,DEoptim,3061,0
55,DFT_CRT,time_scaling,wide,DEoptim,3062,0
55,DFT_CRT,time_scaling,wide,DEoptim,3063,0
55,DFT_CRT,time_scaling,wide,DEoptim,3064,0
55,DFT_CRT,time_scaling,wide,DEoptim,3065,0
55,DFT_CRT,time_scaling,wide,DEoptim,3066,0
55,DFT_CRT,time_scaling,wide,DEoptim,3067,0
55,DFT_CRT,time_scaling,wide,DEoptim,3068,0
55,DFT_CRT,time_scaling,wide,DEoptim,3069,0
55,DFT_CRT,time_scaling,wide,DEoptim,3070,0
55,DFT_CRT,time_scaling,wide,DEoptim,3071,0
55,DFT_CRT,time_scaling,wide,DEoptim,3072,0
55,DFT_CRT,time_scaling,wide,DEoptim,3073,0
55,DFT_CRT,time_scaling,wide,DEoptim,3074,0
55,DFT_CRT,time_scaling,wide,DEoptim,3075,0
55,DFT_CRT,time_scaling,wide,DEoptim,3076,0
55,DFT_CRT,time_scaling,wide,DEoptim,3077,0
55,DFT_CRT,time_scaling,wide,DEoptim,3078,0
55,DFT_CRT,time_scaling,wide,DEoptim,3079,0
55,DFT_CRT,time_scaling,wide,DEoptim,3080,0
55,DFT_CRT,time_scaling,wide,DEoptim,3081,0
55,DFT_CRT,time_scaling,wide,DEoptim,3082,0
55,DFT_CRT,time_scaling,wide,DEoptim,3083,0
55,DFT_CRT,time_scaling,wide,DEoptim,3084,0
55,DFT_CRT,time_scaling,wide,DEoptim,3085,0
55,DFT_CRT,time_scaling,wide,DEoptim,3086,0
55,DFT_CRT,time_scaling,wide,DEoptim,3087,0
55,DFT_CRT,time_scaling,wide,DEoptim,3088,0
55,DFT_CRT,time_scaling,wide,DEoptim,3089,0
55,DFT_CRT,time_scaling,wide,DEoptim,3090,0
55,DFT_CRT,time_scaling,wide,DEoptim,3091,0
55,DFT_CRT,time_scaling,wide,DEoptim,3092,0
55,DFT_CRT,time_scaling,wide,DEoptim,3093,0
55,DFT_CRT,time_scaling,wide,DEoptim,3094,0
55,DFT_CRT,time_scaling,wide,DEoptim,3095,0
55,DFT_CRT,time_scaling,wide,DEoptim,3096,0
55,DFT_CRT,time_scaling,wide,DEoptim,3097,0
55,DFT_CRT,time_scaling,wide,DEoptim,3098,0
55,DFT_CRT,time_scaling,wide,DEoptim,3099,0
55,DFT_CRT,time_scaling,wide,DEoptim,3100,0
55,DFT_CRT,time_scaling,wide,DEoptim,3101,0
55,DFT_CRT,time_scaling,wide,DEoptim,3102,0
55,DFT_CRT,time_scaling,wide,DEoptim,3103,0
55,DFT_CRT,time_scaling,wide,DEoptim,3104,0
55,DFT_CRT,time_scaling,wide,DEoptim,3105,0
55,DFT_CRT,time_scaling,wide,DEoptim,3106,0
55,DFT_CRT,time_scaling,wide,DEoptim,3107,0
55,DFT_CRT,time_scaling,wide,DEoptim,3108,0
55,DFT_CRT,time_scaling,wide,DEoptim,3109,0
55,DFT_CRT,time_scaling,wide,DEoptim,3110,0
55,DFT_CRT,time_scaling,wide,DEoptim,3111,0
55,DFT_CRT,time_scaling,wide,DEoptim,3112,0
55,DFT_CRT,time_scaling,wide,DEoptim,3113,0
55,DFT_CRT,time_scaling,wide,DEoptim,3114,0
55,DFT_CRT,time_scaling,wide,DEoptim,3115,0
55,DFT_CRT,time_scaling,wide,DEoptim,3116,0
55,DFT_CRT,time_scaling,wide,DEoptim,3117,0
55,DFT_CRT,time_scaling,wide,DEoptim,3118,0
55,DFT_CRT,time_scaling,wide,DEoptim,3119,0
55,DFT_CRT,time_scaling,wide,DEoptim,3120,0
55,DFT_CRT,time_scaling,wide,DEoptim,3121,0
55,DFT_CRT,time_scaling,wide,DEoptim,3122,0
55,DFT_CRT,time_scaling,wide,DEoptim,3123,0
55,DFT_CRT,time_scaling,wide,DEoptim,3124,0
55,DFT_CRT,time_scaling,wide,DEoptim,3125,0
55,DFT_CRT,time_scaling,wide,DEoptim,3126,0
55,DFT_CRT,time_scaling,wide,DEoptim,3127,0
55,DFT_CRT,time_scaling,wide,DEoptim,3128,0
55,DFT_CRT,time_scaling,wide,DEoptim,3129,0
55,DFT_CRT,time_scaling,wide,DEoptim,3130,0
55,DFT_CRT,time_scaling,wide,DEoptim,3131,0
55,DFT_CRT,time_scaling,wide,DEoptim,3132,0
55,DFT_CRT,time_scaling,wide,DEoptim,3133,0
55,DFT_CRT,time_scaling,wide,DEoptim,3134,0
55,DFT_CRT,time_scaling,wide,DEoptim,3135,0
55,DFT_CRT,time_scaling,wide,DEoptim,3136,0
55,DFT_CRT,time_scaling,wide,DEoptim,3137,0
55,DFT_CRT,time_scaling,wide,DEoptim,3138,0
55,DFT_CRT,time_scaling,wide,DEoptim,3139,0
55,DFT_CRT,time_scaling,wide,DEoptim,3140,0
55,DFT_CRT,time_scaling,wide,DEoptim,3141,0
55,DFT_CRT,time_scaling,wide,DEoptim,3142,0
55,DFT_CRT,time_scaling,wide,DEoptim,3143,0
55,DFT_CRT,time_scaling,wide,DEoptim,3144,0
55,DFT_CRT,time_scaling,wide,DEoptim,3145,0
55,DFT_CRT,time_scaling,wide,DEoptim,3146,0
55,DFT_CRT,time_scaling,wide,DEoptim,3147,0
55,DFT_CRT,time_scaling,wide,DEoptim,3148,0
55,DFT_CRT,time_scaling,wide,DEoptim,3149,0
55,DFT_CRT,time_scaling,wide,DEoptim,3150,0
55,DFT_CRT,time_scaling,wide,DEoptim,3151,0
55,DFT_CRT,time_scaling,wide,DEoptim,3152,0
55,DFT_CRT,time_scaling,wide,DEoptim,3153,0
55,DFT_CRT,time_scaling,wide,DEoptim,3154,0
55,DFT_CRT,time_scaling,wide,DEoptim,3155,0
55,DFT_CRT,time_scaling,wide,DEoptim,3156,0
55,DFT_CRT,time_scaling,wide,DEoptim,3157,0
55,DFT_CRT,time_scaling,wide,DEoptim,3158,0
55,DFT_CRT,time_scaling,wide,DEoptim,3159,0
55,DFT_CRT,time_scaling,wide,DEoptim,3160,0
55,DFT_CRT,time_scaling,wide,DEoptim,3161,0
55,DFT_CRT,time_scaling,wide,DEoptim,3162,0
55,DFT_CRT,time_scaling,wide,DEoptim,3163,0
55,DFT_CRT,time_scaling,wide,DEoptim,3164,0
55,DFT_CRT,time_scaling,wide,DEoptim,3165,0
55,DFT_CRT,time_scaling,wide,DEoptim,3166,0
55,DFT_CRT,time_scaling,wide,DEoptim,3167,0
55,DFT_CRT,time_scaling,wide,DEoptim,3168,0
55,DFT_CRT,time_scaling,wide,DEoptim,3169,0
55,DFT_CRT,time_scaling,wide,DEoptim,3170,0
55,DFT_CRT,time_scaling,wide,DEoptim,3171,0
55,DFT_CRT,time_scaling,wide,DEoptim,3172,0
55,DFT_CRT,time_scaling,wide,DEoptim,3173,0
55,DFT_CRT,time_scaling,wide,DEoptim,3174,0
55,DFT_CRT,time_scaling,wide,DEoptim,3175,0
55,DFT_CRT,time_scaling,wide,DEoptim,3176,0
55,DFT_CRT,time_scaling,wide,DEoptim,3177,0
55,DFT_CRT,time_scaling,wide,DEoptim,3178,0
55,DFT_CRT,time_scaling,wide,DEoptim,3179,0
55,DFT_CRT,time_scaling,wide,DEoptim,3180,0
55,DFT_CRT,time_scaling,wide,DEoptim,3181,0
55,DFT_CRT,time_scaling,wide,DEoptim,3182,0
55,DFT_CRT,time_scaling,wide,DEoptim,3183,0
55,DFT_CRT,time_scaling,wide,DEoptim,3184,0
55,DFT_CRT,time_scaling,wide,DEoptim,3185,0
55,DFT_CRT,time_scaling,wide,DEoptim,3186,0
55,DFT_CRT,time_scaling,wide,DEoptim,3187,0
55,DFT_CRT,time_scaling,wide,DEoptim,3188,0
55,DFT_CRT,time_scaling,wide,DEoptim,3189,0
55,DFT_CRT,time_scaling,wide,DEoptim,3190,0
55,DFT_CRT,time_scaling,wide,DEoptim,3191,0
55,DFT_CRT,time_scaling,wide,DEoptim,3192,0
55,DFT_CRT,time_scaling,wide,DEoptim,3193,0
55,DFT_CRT,time_scaling,wide,DEoptim,3194,0
55,DFT_CRT,time_scaling,wide,DEoptim,3195,0
55,DFT_CRT,time_scaling,wide,DEoptim,3196,0
55,DFT_CRT,time_scaling,wide,DEoptim,3197,0
55,DFT_CRT,time_scaling,wide,DEoptim,3198,0
55,DFT_CRT,time_scaling,wide,DEoptim,3199,0
55,DFT_CRT,time_scaling,wide,DEoptim,3200,0
55,DFT_CRT,time_scaling,wide,DEoptim,3201,0
55,DFT_CRT,time_scaling,wide,DEoptim,3202,0
55,DFT_CRT,time_scaling,wide,DEoptim,3203,0
55,DFT_CRT,time_scaling,wide,DEoptim,3204,0
55,DFT_CRT,time_scaling,wide,DEoptim,3205,0
55,DFT_CRT,time_scaling,wide,DEoptim,3206,0
55,DFT_CRT,time_scaling,wide,DEoptim,3207,0
55,DFT_CRT,time_scaling,wide,DEoptim,3208,0
55,DFT_CRT,time_scaling,wide,DEoptim,3209,0
55,DFT_CRT,time_scaling,wide,DEoptim,3210,0
55,DFT_CRT,time_scaling,wide,DEoptim,3211,0
55,DFT_CRT,time_scaling,wide,DEoptim,3212,0
55,DFT_CRT,time_scaling,wide,DEoptim,3213,0
55,DFT_CRT,time_scaling,wide,DEoptim,3214,0
55,DFT_CRT,time_scaling,wide,DEoptim,3215,0
55,DFT_CRT,time_scaling,wide,DEoptim,3216,0
55,DFT_CRT,time_scaling,wide,DEoptim,3217,0
55,DFT_CRT,time_scaling,wide,DEoptim,3218,0
55,DFT_CRT,time_scaling,wide,DEoptim,3219,0
55,DFT_CRT,time_scaling,wide,DEoptim,3220,0
55,DFT_CRT,time_scaling,wide,DEoptim,3221,0
55,DFT_CRT,time_scaling,wide,DEoptim,3222,0
55,DFT_CRT,time_scaling,wide,DEoptim,3223,0
55,DFT_CRT,time_scaling,wide,DEoptim,3224,0
55,DFT_CRT,time_scaling,wide,DEoptim,3225,0
55,DFT_CRT,time_scaling,wide,DEoptim,3226,0
55,DFT_CRT,time_scaling,wide,DEoptim,3227,0
55,DFT_CRT,time_scaling,wide,DEoptim,3228,0
55,DFT_CRT,time_scaling,wide,DEoptim,3229,0
55,DFT_CRT,time_scaling,wide,DEoptim,3230,0
55,DFT_CRT,time_scaling,wide,DEoptim,3231,0
55,DFT_CRT,time_scaling,wide,DEoptim,3232,0
55,DFT_CRT,time_scaling,wide,DEoptim,3233,0
55,DFT_CRT,time_scaling,wide,DEoptim,3234,0
55,DFT_CRT,time_scaling,wide,DEoptim,3235,0
55,DFT_CRT,time_scaling,wide,DEoptim,3236,0
55,DFT_CRT,time_scaling,wide,DEoptim,3237,0
55,DFT_CRT,time_scaling,wide,DEoptim,3238,0
55,DFT_CRT,time_scaling,wide,DEoptim,3239,0
55,DFT_CRT,time_scaling,wide,DEoptim,3240,0
55,DFT_CRT,time_scaling,wide,DEoptim,3241,0
55,DFT_CRT,time_scaling,wide,DEoptim,3242,0
55,DFT_CRT,time_scaling,wide,DEoptim,3243,0
55,DFT_CRT,time_scaling,wide,DEoptim,3244,0
55,DFT_CRT,time_scaling,wide,DEoptim,3245,0
55,DFT_CRT,time_scaling,wide,DEoptim,3246,0
55,DFT_CRT,time_scaling,wide,DEoptim,3247,0
55,DFT_CRT,time_scaling,wide,DEoptim,3248,0
55,DFT_CRT,time_scaling,wide,DEoptim,3249,0
55,DFT_CRT,time_scaling,wide,DEoptim,3250,0
55,DFT_CRT,time_scaling,wide,DEoptim,3251,0
55,DFT_CRT,time_scaling,wide,DEoptim,3252,0
55,DFT_CRT,time_scaling,wide,DEoptim,3253,0
55,DFT_CRT,time_scaling,wide,DEoptim,3254,0
55,DFT_CRT,time_scaling,wide,DEoptim,3255,0
55,DFT_CRT,time_scaling,wide,DEoptim,3256,0
55,DFT_CRT,time_scaling,wide,DEoptim,3257,0
55,DFT_CRT,time_scaling,wide,DEoptim,3258,0
55,DFT_CRT,time_scaling,wide,DEoptim,3259,0
55,DFT_CRT,time_scaling,wide,DEoptim,3260,0
55,DFT_CRT,time_scaling,wide,DEoptim,3261,0
55,DFT_CRT,time_scaling,wide,DEoptim,3262,0
55,DFT_CRT,time_scaling,wide,DEoptim,3263,0
55,DFT_CRT,time_scaling,wide,DEoptim,3264,0
55,DFT_CRT,time_scaling,wide,DEoptim,3265,0
55,DFT_CRT,time_scaling,wide,DEoptim,3266,0
55,DFT_CRT,time_scaling,wide,DEoptim,3267,0
55,DFT_CRT,time_scaling,wide,DEoptim,3268,0
55,DFT_CRT,time_scaling,wide,DEoptim,3269,0
55,DFT_CRT,time_scaling,wide,DEoptim,3270,0
55,DFT_CRT,time_scaling,wide,DEoptim,3271,0
55,DFT_CRT,time_scaling,wide,DEoptim,3272,0
55,DFT_CRT,time_scaling,wide,DEoptim,3273,0
55,DFT_CRT,time_scaling,wide,DEoptim,3274,0
55,DFT_CRT,time_scaling,wide,DEoptim,3275,0
55,DFT_CRT,time_scaling,wide,DEoptim,3276,0
55,DFT_CRT,time_scaling,wide,DEoptim,3277,0
55,DFT_CRT,time_scaling,wide,DEoptim,3278,0
55,DFT_CRT,time_scaling,wide,DEoptim,3279,0
55,DFT_CRT,time_scaling,wide,DEoptim,3280,0
55,DFT_CRT,time_scaling,wide,DEoptim,3281,0
55,DFT_CRT,time_scaling,wide,DEoptim,3282,0
55,DFT_CRT,time_scaling,wide,DEoptim,3283,0
55,DFT_CRT,time_scaling,wide,DEoptim,3284,0
55,DFT_CRT,time_scaling,wide,DEoptim,3285,0
55,DFT_CRT,time_scaling,wide,DEoptim,3286,0
55,DFT_CRT,time_scaling,wide,DEoptim,3287,0
55,DFT_CRT,time_scaling,wide,DEoptim,3288,0
55,DFT_CRT,time_scaling,wide,DEoptim,3289,0
55,DFT_CRT,time_scaling,wide,DEoptim,3290,0
55,DFT_CRT,time_scaling,wide,DEoptim,3291,0
55,DFT_CRT,time_scaling,wide,DEoptim,3292,0
55,DFT_CRT,time_scaling,wide,DEoptim,3293,0
55,DFT_CRT,time_scaling,wide,DEoptim,3294,0
55,DFT_CRT,time_scaling,wide,DEoptim,3295,0
55,DFT_CRT,time_scaling,wide,DEoptim,3296,0
55,DFT_CRT,time_scaling,wide,DEoptim,3297,0
55,DFT_CRT,time_scaling,wide,DEoptim,3298,0
55,DFT_CRT,time_scaling,wide,DEoptim,3299,0
55,DFT_CRT,time_scaling,wide,DEoptim,3300,0
55,DFT_CRT,time_scaling,wide,DEoptim,3301,0
55,DFT_CRT,time_scaling,wide,DEoptim,3302,0
55,DFT_CRT,time_scaling,wide,DEoptim,3303,0
55,DFT_CRT,time_scaling,wide,DEoptim,3304,0
55,DFT_CRT,time_scaling,wide,DEoptim,3305,0
55,DFT_CRT,time_scaling,wide,DEoptim,3306,0
55,DFT_CRT,time_scaling,wide,DEoptim,3307,0
55,DFT_CRT,time_scaling,wide,DEoptim,3308,0
55,DFT_CRT,time_scaling,wide,DEoptim,3309,0
55,DFT_CRT,time_scaling,wide,DEoptim,3310,0
55,DFT_CRT,time_scaling,wide,DEoptim,3311,0
55,DFT_CRT,time_scaling,wide,DEoptim,3312,0
55,DFT_CRT,time_scaling,wide,DEoptim,3313,0
55,DFT_CRT,time_scaling,wide,DEoptim,3314,0
55,DFT_CRT,time_scaling,wide,DEoptim,3315,0
55,DFT_CRT,time_scaling,wide,DEoptim,3316,0
55,DFT_CRT,time_scaling,wide,DEoptim,3317,0
55,DFT_CRT,time_scaling,wide,DEoptim,3318,0
55,DFT_CRT,time_scaling,wide,DEoptim,3319,0
55,DFT_CRT,time_scaling,wide,DEoptim,3320,0
55,DFT_CRT,time_scaling,wide,DEoptim,3321,0
55,DFT_CRT,time_scaling,wide,DEoptim,3322,0
55,DFT_CRT,time_scaling,wide,DEoptim,3323,0
55,DFT_CRT,time_scaling,wide,DEoptim,3324,0
55,DFT_CRT,time_scaling,wide,DEoptim,3325,0
55,DFT_CRT,time_scaling,wide,DEoptim,3326,0
55,DFT_CRT,time_scaling,wide,DEoptim,3327,0
55,DFT_CRT,time_scaling,wide,DEoptim,3328,0
55,DFT_CRT,time_scaling,wide,DEoptim,3329,0
55,DFT_CRT,time_scaling,wide,DEoptim,3330,0
55,DFT_CRT,time_scaling,wide,DEoptim,3331,0
55,DFT_CRT,time_scaling,wide,DEoptim,3332,0
55,DFT_CRT,time_scaling,wide,DEoptim,3333,0
55,DFT_CRT,time_scaling,wide,DEoptim,3334,0
55,DFT_CRT,time_scaling,wide,DEoptim,3335,0
55,DFT_CRT,time_scaling,wide,DEoptim,3336,0
55,DFT_CRT,time_scaling,wide,DEoptim,3337,0
55,DFT_CRT,time_scaling,wide,DEoptim,3338,0
55,DFT_CRT,time_scaling,wide,DEoptim,3339,0
55,DFT_CRT,time_scaling,wide,DEoptim,3340,0
55,DFT_CRT,time_scaling,wide,DEoptim,3341,0
55,DFT_CRT,time_scaling,wide,DEoptim,3342,0
55,DFT_CRT,time_scaling,wide,DEoptim,3343,0
55,DFT_CRT,time_scaling,wide,DEoptim,3344,0
55,DFT_CRT,time_scaling,wide,DEoptim,3345,0
55,DFT_CRT,time_scaling,wide,DEoptim,3346,0
55,DFT_CRT,time_scaling,wide,DEoptim,3347,0
55,DFT_CRT,time_scaling,wide,DEoptim,3348,0
55,DFT_CRT,time_scaling,wide,DEoptim,3349,0
55,DFT_CRT,time_scaling,wide,DEoptim,3350,0
55,DFT_CRT,time_scaling,wide,DEoptim,3351,0
55,DFT_CRT,time_scaling,wide,DEoptim,3352,0
55,DFT_CRT,time_scaling,wide,DEoptim,3353,0
55,DFT_CRT,time_scaling,wide,DEoptim,3354,0
55,DFT_CRT,time_scaling,wide,DEoptim,3355,0
55,DFT_CRT,time_scaling,wide,DEoptim,3356,0
55,DFT_CRT,time_scaling,wide,DEoptim,3357,0
55,DFT_CRT,time_scaling,wide,DEoptim,3358,0
55,DFT_CRT,time_scaling,wide,DEoptim,3359,0
55,DFT_CRT,time_scaling,wide,DEoptim,3360,0
55,DFT_CRT,time_scaling,wide,DEoptim,3361,0
55,DFT_CRT,time_scaling,wide,DEoptim,3362,0
55,DFT_CRT,time_scaling,wide,DEoptim,3363,0
55,DFT_CRT,time_scaling,wide,DEoptim,3364,0
55,DFT_CRT,time_scaling,wide,DEoptim,3365,0
55,DFT_CRT,time_scaling,wide,DEoptim,3366,0
55,DFT_CRT,time_scaling,wide,DEoptim,3367,0
55,DFT_CRT,time_scaling,wide,DEoptim,3368,0
55,DFT_CRT,time_scaling,wide,DEoptim,3369,0
55,DFT_CRT,time_scaling,wide,DEoptim,3370,0
55,DFT_CRT,time_scaling,wide,DEoptim,3371,0
55,DFT_CRT,time_scaling,wide,DEoptim,3372,0
55,DFT_CRT,time_scaling,wide,DEoptim,3373,0
55,DFT_CRT,time_scaling,wide,DEoptim,3374,0
55,DFT_CRT,time_scaling,wide,DEoptim,3375,0
55,DFT_CRT,time_scaling,wide,DEoptim,3376,0
55,DFT_CRT,time_scaling,wide,DEoptim,3377,0
55,DFT_CRT,time_scaling,wide,DEoptim,3378,0
55,DFT_CRT,time_scaling,wide,DEoptim,3379,0
55,DFT_CRT,time_scaling,wide,DEoptim,3380,0
55,DFT_CRT,time_scaling,wide,DEoptim,3381,0
55,DFT_CRT,time_scaling,wide,DEoptim,3382,0
55,DFT_CRT,time_scaling,wide,DEoptim,3383,0
55,DFT_CRT,time_scaling,wide,DEoptim,3384,0
55,DFT_CRT,time_scaling,wide,DEoptim,3385,0
55,DFT_CRT,time_scaling,wide,DEoptim,3386,0
55,DFT_CRT,time_scaling,wide,DEoptim,3387,0
55,DFT_CRT,time_scaling,wide,DEoptim,3388,0
55,DFT_CRT,time_scaling,wide,DEoptim,3389,0
55,DFT_CRT,time_scaling,wide,DEoptim,3390,0
55,DFT_CRT,time_scaling,wide,DEoptim,3391,0
55,DFT_CRT,time_scaling,wide,DEoptim,3392,0
55,DFT_CRT,time_scaling,wide,DEoptim,3393,0
55,DFT_CRT,time_scaling,wide,DEoptim,3394,0
55,DFT_CRT,time_scaling,wide,DEoptim,3395,0
55,DFT_CRT,time_scaling,wide,DEoptim,3396,0
55,DFT_CRT,time_scaling,wide,DEoptim,3397,0
55,DFT_CRT,time_scaling,wide,DEoptim,3398,0
55,DFT_CRT,time_scaling,wide,DEoptim,3399,0
55,DFT_CRT,time_scaling,wide,DEoptim,3400,0
55,DFT_CRT,time_scaling,wide,DEoptim,3401,0
55,DFT_CRT,time_scaling,wide,DEoptim,3402,0
55,DFT_CRT,time_scaling,wide,DEoptim,3403,0
55,DFT_CRT,time_scaling,wide,DEoptim,3404,0
55,DFT_CRT,time_scaling,wide,DEoptim,3405,0
55,DFT_CRT,time_scaling,wide,DEoptim,3406,0
55,DFT_CRT,time_scaling,wide,DEoptim,3407,0
55,DFT_CRT,time_scaling,wide,DEoptim,3408,0
55,DFT_CRT,time_scaling,wide,DEoptim,3409,0
55,DFT_CRT,time_scaling,wide,DEoptim,3410,0
55,DFT_CRT,time_scaling,wide,DEoptim,3411,0
55,DFT_CRT,time_scaling,wide,DEoptim,3412,0
55,DFT_CRT,time_scaling,wide,DEoptim,3413,0
55,DFT_CRT,time_scaling,wide,DEoptim,3414,0
55,DFT_CRT,time_scaling,wide,DEoptim,3415,0
55,DFT_CRT,time_scaling,wide,DEoptim,3416,0
55,DFT_CRT,time_scaling,wide,DEoptim,3417,0
55,DFT_CRT,time_scaling,wide,DEoptim,3418,0
55,DFT_CRT,time_scaling,wide,DEoptim,3419,0
55,DFT_CRT,time_scaling,wide,DEoptim,3420,0
55,DFT_CRT,time_scaling,wide,DEoptim,3421,0
55,DFT_CRT,time_scaling,wide,DEoptim,3422,0
55,DFT_CRT,time_scaling,wide,DEoptim,3423,0
55,DFT_CRT,time_scaling,wide,DEoptim,3424,0
55,DFT_CRT,time_scaling,wide,DEoptim,3425,0
55,DFT_CRT,time_scaling,wide,DEoptim,3426,0
55,DFT_CRT,time_scaling,wide,DEoptim,3427,0
55,DFT_CRT,time_scaling,wide,DEoptim,3428,0
55,DFT_CRT,time_scaling,wide,DEoptim,3429,0
55,DFT_CRT,time_scaling,wide,DEoptim,3430,0
55,DFT_CRT,time_scaling,wide,DEoptim,3431,0
55,DFT_CRT,time_scaling,wide,DEoptim,3432,0
55,DFT_CRT,time_scaling,wide,DEoptim,3433,0
55,DFT_CRT,time_scaling,wide,DEoptim,3434,0
55,DFT_CRT,time_scaling,wide,DEoptim,3435,0
55,DFT_CRT,time_scaling,wide,DEoptim,3436,0
55,DFT_CRT,time_scaling,wide,DEoptim,3437,0
55,DFT_CRT,time_scaling,wide,DEoptim,3438,0
55,DFT_CRT,time_scaling,wide,DEoptim,3439,0
55,DFT_CRT,time_scaling,wide,DEoptim,3440,0
55,DFT_CRT,time_scaling,wide,DEoptim,3441,0
55,DFT_CRT,time_scaling,wide,DEoptim,3442,0
55,DFT_CRT,time_scaling,wide,DEoptim,3443,0
55,DFT_CRT,time_scaling,wide,DEoptim,3444,0
55,DFT_CRT,time_scaling,wide,DEoptim,3445,0
55,DFT_CRT,time_scaling,wide,DEoptim,3446,0
55,DFT_CRT,time_scaling,wide,DEoptim,3447,0
55,DFT_CRT,time_scaling,wide,DEoptim,3448,0
55,DFT_CRT,time_scaling,wide,DEoptim,3449,0
55,DFT_CRT,time_scaling,wide,DEoptim,3450,0
55,DFT_CRT,time_scaling,wide,DEoptim,3451,0
55,DFT_CRT,time_scaling,wide,DEoptim,3452,0
55,DFT_CRT,time_scaling,wide,DEoptim,3453,0
55,DFT_CRT,time_scaling,wide,DEoptim,3454,0
55,DFT_CRT,time_scaling,wide,DEoptim,3455,0
55,DFT_CRT,time_scaling,wide,DEoptim,3456,0
55,DFT_CRT,time_scaling,wide,DEoptim,3457,0
55,DFT_CRT,time_scaling,wide,DEoptim,3458,0
55,DFT_CRT,time_scaling,wide,DEoptim,3459,0
55,DFT_CRT,time_scaling,wide,DEoptim,3460,0
55,DFT_CRT,time_scaling,wide,DEoptim,3461,0
55,DFT_CRT,time_scaling,wide,DEoptim,3462,0
55,DFT_CRT,time_scaling,wide,DEoptim,3463,0
55,DFT_CRT,time_scaling,wide,DEoptim,3464,0
55,DFT_CRT,time_scaling,wide,DEoptim,3465,0
55,DFT_CRT,time_scaling,wide,DEoptim,3466,0
55,DFT_CRT,time_scaling,wide,DEoptim,3467,0
55,DFT_CRT,time_scaling,wide,DEoptim,3468,0
55,DFT_CRT,time_scaling,wide,DEoptim,3469,0
55,DFT_CRT,time_scaling,wide,DEoptim,3470,0
55,DFT_CRT,time_scaling,wide,DEoptim,3471,0
55,DFT_CRT,time_scaling,wide,DEoptim,3472,0
55,DFT_CRT,time_scaling,wide,DEoptim,3473,0
55,DFT_CRT,time_scaling,wide,DEoptim,3474,0
55,DFT_CRT,time_scaling,wide,DEoptim,3475,0
55,DFT_CRT,time_scaling,wide,DEoptim,3476,0
55,DFT_CRT,time_scaling,wide,DEoptim,3477,0
55,DFT_CRT,time_scaling,wide,DEoptim,3478,0
55,DFT_CRT,time_scaling,wide,DEoptim,3479,0
55,DFT_CRT,time_scaling,wide,DEoptim,3480,0
55,DFT_CRT,time_scaling,wide,DEoptim,3481,0
55,DFT_CRT,time_scaling,wide,DEoptim,3482,0
55,DFT_CRT,time_scaling,wide,DEoptim,3483,0
55,DFT_CRT,time_scaling,wide,DEoptim,3484,0
55,DFT_CRT,time_scaling,wide,DEoptim,3485,0
55,DFT_CRT,time_scaling,wide,DEoptim,3486,0
55,DFT_CRT,time_scaling,wide,DEoptim,3487,0
55,DFT_CRT,time_scaling,wide,DEoptim,3488,0
55,DFT_CRT,time_scaling,wide,DEoptim,3489,0
55,DFT_CRT,time_scaling,wide,DEoptim,3490,0
55,DFT_CRT,time_scaling,wide,DEoptim,3491,0
55,DFT_CRT,time_scaling,wide,DEoptim,3492,0
55,DFT_CRT,time_scaling,wide,DEoptim,3493,0
55,DFT_CRT,time_scaling,wide,DEoptim,3494,0
55,DFT_CRT,time_scaling,wide,DEoptim,3495,0
55,DFT_CRT,time_scaling,wide,DEoptim,3496,0
55,DFT_CRT,time_scaling,wide,DEoptim,3497,0
55,DFT_CRT,time_scaling,wide,DEoptim,3498,0
55,DFT_CRT,time_scaling,wide,DEoptim,3499,0
55,DFT_CRT,time_scaling,wide,DEoptim,3500,0
55,DFT_CRT,time_scaling,wide,DEoptim,3501,0
55,DFT_CRT,time_scaling,wide,DEoptim,3502,0
55,DFT_CRT,time_scaling,wide,DEoptim,3503,0
55,DFT_CRT,time_scaling,wide,DEoptim,3504,0
55,DFT_CRT,time_scaling,wide,DEoptim,3505,0
55,DFT_CRT,time_scaling,wide,DEoptim,3506,0
55,DFT_CRT,time_scaling,wide,DEoptim,3507,0
55,DFT_CRT,time_scaling,wide,DEoptim,3508,0
55,DFT_CRT,time_scaling,wide,DEoptim,3509,0
55,DFT_CRT,time_scaling,wide,DEoptim,3510,0
55,DFT_CRT,time_scaling,wide,DEoptim,3511,0
55,DFT_CRT,time_scaling,wide,DEoptim,3512,0
55,DFT_CRT,time_scaling,wide,DEoptim,3513,0
55,DFT_CRT,time_scaling,wide,DEoptim,3514,0
55,DFT_CRT,time_scaling,wide,DEoptim,3515,0
55,DFT_CRT,time_scaling,wide,DEoptim,3516,0
55,DFT_CRT,time_scaling,wide,DEoptim,3517,0
55,DFT_CRT,time_scaling,wide,DEoptim,3518,0
55,DFT_CRT,time_scaling,wide,DEoptim,3519,0
55,DFT_CRT,time_scaling,wide,DEoptim,3520,0
55,DFT_CRT,time_scaling,wide,DEoptim,3521,0
55,DFT_CRT,time_scaling,wide,DEoptim,3522,0
55,DFT_CRT,time_scaling,wide,DEoptim,3523,0
55,DFT_CRT,time_scaling,wide,DEoptim,3524,0
55,DFT_CRT,time_scaling,wide,DEoptim,3525,0
55,DFT_CRT,time_scaling,wide,DEoptim,3526,0
55,DFT_CRT,time_scaling,wide,DEoptim,3527,0
55,DFT_CRT,time_scaling,wide,DEoptim,3528,0
55,DFT_CRT,time_scaling,wide,DEoptim,3529,0
55,DFT_CRT,time_scaling,wide,DEoptim,3530,0
55,DFT_CRT,time_scaling,wide,DEoptim,3531,0
55,DFT_CRT,time_scaling,wide,DEoptim,3532,0
55,DFT_CRT,time_scaling,wide,DEoptim,3533,0
55,DFT_CRT,time_scaling,wide,DEoptim,3534,0
55,DFT_CRT,time_scaling,wide,DEoptim,3535,0
55,DFT_CRT,time_scaling,wide,DEoptim,3536,0
55,DFT_CRT,time_scaling,wide,DEoptim,3537,0
55,DFT_CRT,time_scaling,wide,DEoptim,3538,0
55,DFT_CRT,time_scaling,wide,DEoptim,3539,0
55,DFT_CRT,time_scaling,wide,DEoptim,3540,0
55,DFT_CRT,time_scaling,wide,DEoptim,3541,0
55,DFT_CRT,time_scaling,wide,DEoptim,3542,0
55,DFT_CRT,time_scaling,wide,DEoptim,3543,0
55,DFT_CRT,time_scaling,wide,DEoptim,3544,0
55,DFT_CRT,time_scaling,wide,DEoptim,3545,0
55,DFT_CRT,time_scaling,wide,DEoptim,3546,0
55,DFT_CRT,time_scaling,wide,DEoptim,3547,0
55,DFT_CRT,time_scaling,wide,DEoptim,3548,0
55,DFT_CRT,time_scaling,wide,DEoptim,3549,0
55,DFT_CRT,time_scaling,wide,DEoptim,3550,0
55,DFT_CRT,time_scaling,wide,DEoptim,3551,0
55,DFT_CRT,time_scaling,wide,DEoptim,3552,0
55,DFT_CRT,time_scaling,wide,DEoptim,3553,0
55,DFT_CRT,time_scaling,wide,DEoptim,3554,0
55,DFT_CRT,time_scaling,wide,DEoptim,3555,0
55,DFT_CRT,time_scaling,wide,DEoptim,3556,0
55,DFT_CRT,time_scaling,wide,DEoptim,3557,0
55,DFT_CRT,time_scaling,wide,DEoptim,3558,0
55,DFT_CRT,time_scaling,wide,DEoptim,3559,0
55,DFT_CRT,time_scaling,wide,DEoptim,3560,0
55,DFT_CRT,time_scaling,wide,DEoptim,3561,0
55,DFT_CRT,time_scaling,wide,DEoptim,3562,0
55,DFT_CRT,time_scaling,wide,DEoptim,3563,0
55,DFT_CRT,time_scaling,wide,DEoptim,3564,0
55,DFT_CRT,time_scaling,wide,DEoptim,3565,0
55,DFT_CRT,time_scaling,wide,DEoptim,3566,0
55,DFT_CRT,time_scaling,wide,DEoptim,3567,0
55,DFT_CRT,time_scaling,wide,DEoptim,3568,0
55,DFT_CRT,time_scaling,wide,DEoptim,3569,0
55,DFT_CRT,time_scaling,wide,DEoptim,3570,0
55,DFT_CRT,time_scaling,wide,DEoptim,3571,0
55,DFT_CRT,time_scaling,wide,DEoptim,3572,0
55,DFT_CRT,time_scaling,wide,DEoptim,3573,0
55,DFT_CRT,time_scaling,wide,DEoptim,3574,0
55,DFT_CRT,time_scaling,wide,DEoptim,3575,0
55,DFT_CRT,time_scaling,wide,DEoptim,3576,0
55,DFT_CRT,time_scaling,wide,DEoptim,3577,0
55,DFT_CRT,time_scaling,wide,DEoptim,3578,0
55,DFT_CRT,time_scaling,wide,DEoptim,3579,0
55,DFT_CRT,time_scaling,wide,DEoptim,3580,0
55,DFT_CRT,time_scaling,wide,DEoptim,3581,0
55,DFT_CRT,time_scaling,wide,DEoptim,3582,0
55,DFT_CRT,time_scaling,wide,DEoptim,3583,0
55,DFT_CRT,time_scaling,wide,DEoptim,3584,0
55,DFT_CRT,time_scaling,wide,DEoptim,3585,0
55,DFT_CRT,time_scaling,wide,DEoptim,3586,0
55,DFT_CRT,time_scaling,wide,DEoptim,3587,0
55,DFT_CRT,time_scaling,wide,DEoptim,3588,0
55,DFT_CRT,time_scaling,wide,DEoptim,3589,0
55,DFT_CRT,time_scaling,wide,DEoptim,3590,0
55,DFT_CRT,time_scaling,wide,DEoptim,3591,0
55,DFT_CRT,time_scaling,wide,DEoptim,3592,0
55,DFT_CRT,time_scaling,wide,DEoptim,3593,0
55,DFT_CRT,time_scaling,wide,DEoptim,3594,0
55,DFT_CRT,time_scaling,wide,DEoptim,3595,0
55,DFT_CRT,time_scaling,wide,DEoptim,3596,0
55,DFT_CRT,time_scaling,wide,DEoptim,3597,0
55,DFT_CRT,time_scaling,wide,DEoptim,3598,0
55,DFT_CRT,time_scaling,wide,DEoptim,3599,0
55,DFT_CRT,time_scaling,wide,DEoptim,3600,0
55,DFT_CRT,time_scaling,wide,DEoptim,3601,0
55,DFT_CRT,time_scaling,wide,DEoptim,3602,0
55,DFT_CRT,time_scaling,wide,DEoptim,3603,0
55,DFT_CRT,time_scaling,wide,DEoptim,3604,0
55,DFT_CRT,time_scaling,wide,DEoptim,3605,0
55,DFT_CRT,time_scaling,wide,DEoptim,3606,0
55,DFT_CRT,time_scaling,wide,DEoptim,3607,0
55,DFT_CRT,time_scaling,wide,DEoptim,3608,0
55,DFT_CRT,time_scaling,wide,DEoptim,3609,0
55,DFT_CRT,time_scaling,wide,DEoptim,3610,0
55,DFT_CRT,time_scaling,wide,DEoptim,3611,0
55,DFT_CRT,time_scaling,wide,DEoptim,3612,0
55,DFT_CRT,time_scaling,wide,DEoptim,3613,0
55,DFT_CRT,time_scaling,wide,DEoptim,3614,0
55,DFT_CRT,time_scaling,wide,DEoptim,3615,0
55,DFT_CRT,time_scaling,wide,DEoptim,3616,0
55,DFT_CRT,time_scaling,wide,DEoptim,3617,0
55,DFT_CRT,time_scaling,wide,DEoptim,3618,0
55,DFT_CRT,time_scaling,wide,DEoptim,3619,0
55,DFT_CRT,time_scaling,wide,DEoptim,3620,0
55,DFT_CRT,time_scaling,wide,DEoptim,3621,0
55,DFT_CRT,time_scaling,wide,DEoptim,3622,0
55,DFT_CRT,time_scaling,wide,DEoptim,3623,0
55,DFT_CRT,time_scaling,wide,DEoptim,3624,0
55,DFT_CRT,time_scaling,wide,DEoptim,3625,0
55,DFT_CRT,time_scaling,wide,DEoptim,3626,0
55,DFT_CRT,time_scaling,wide,DEoptim,3627,0
55,DFT_CRT,time_scaling,wide,DEoptim,3628,0
55,DFT_CRT,time_scaling,wide,DEoptim,3629,0
55,DFT_CRT,time_scaling,wide,DEoptim,3630,0
55,DFT_CRT,time_scaling,wide,DEoptim,3631,0
55,DFT_CRT,time_scaling,wide,DEoptim,3632,0
55,DFT_CRT,time_scaling,wide,DEoptim,3633,0
55,DFT_CRT,time_scaling,wide,DEoptim,3634,0
55,DFT_CRT,time_scaling,wide,DEoptim,3635,0
55,DFT_CRT,time_scaling,wide,DEoptim,3636,0
55,DFT_CRT,time_scaling,wide,DEoptim,3637,0
55,DFT_CRT,time_scaling,wide,DEoptim,3638,0
55,DFT_CRT,time_scaling,wide,DEoptim,3639,0
55,DFT_CRT,time_scaling,wide,DEoptim,3640,0
55,DFT_CRT,time_scaling,wide,DEoptim,3641,0
55,DFT_CRT,time_scaling,wide,DEoptim,3642,0
55,DFT_CRT,time_scaling,wide,DEoptim,3643,0
55,DFT_CRT,time_scaling,wide,DEoptim,3644,0
55,DFT_CRT,time_scaling,wide,DEoptim,3645,0
55,DFT_CRT,time_scaling,wide,DEoptim,3646,0
55,DFT_CRT,time_scaling,wide,DEoptim,3647,0
55,DFT_CRT,time_scaling,wide,DEoptim,3648,0
55,DFT_CRT,time_scaling,wide,DEoptim,3649,0
55,DFT_CRT,time_scaling,wide,DEoptim,3650,0
55,DFT_CRT,time_scaling,wide,DEoptim,3651,0
55,DFT_CRT,time_scaling,wide,DEoptim,3652,0
55,DFT_CRT,time_scaling,wide,DEoptim,3653,0
55,DFT_CRT,time_scaling,wide,DEoptim,3654,0
55,DFT_CRT,time_scaling,wide,DEoptim,3655,0
55,DFT_CRT,time_scaling,wide,DEoptim,3656,0
55,DFT_CRT,time_scaling,wide,DEoptim,3657,0
55,DFT_CRT,time_scaling,wide,DEoptim,3658,0
55,DFT_CRT,time_scaling,wide,DEoptim,3659,0
55,DFT_CRT,time_scaling,wide,DEoptim,3660,0
55,DFT_CRT,time_scaling,wide,DEoptim,3661,0
55,DFT_CRT,time_scaling,wide,DEoptim,3662,0
55,DFT_CRT,time_scaling,wide,DEoptim,3663,0
55,DFT_CRT,time_scaling,wide,DEoptim,3664,0
55,DFT_CRT,time_scaling,wide,DEoptim,3665,0
55,DFT_CRT,time_scaling,wide,DEoptim,3666,0
55,DFT_CRT,time_scaling,wide,DEoptim,3667,0
55,DFT_CRT,time_scaling,wide,DEoptim,3668,0
55,DFT_CRT,time_scaling,wide,DEoptim,3669,0
55,DFT_CRT,time_scaling,wide,DEoptim,3670,0
55,DFT_CRT,time_scaling,wide,DEoptim,3671,0
55,DFT_CRT,time_scaling,wide,DEoptim,3672,0
55,DFT_CRT,time_scaling,wide,DEoptim,3673,0
55,DFT_CRT,time_scaling,wide,DEoptim,3674,0
55,DFT_CRT,time_scaling,wide,DEoptim,3675,0
55,DFT_CRT,time_scaling,wide,DEoptim,3676,0
55,DFT_CRT,time_scaling,wide,DEoptim,3677,0
55,DFT_CRT,time_scaling,wide,DEoptim,3678,0
55,DFT_CRT,time_scaling,wide,DEoptim,3679,0
55,DFT_CRT,time_scaling,wide,DEoptim,3680,0
55,DFT_CRT,time_scaling,wide,DEoptim,3681,0
55,DFT_CRT,time_scaling,wide,DEoptim,3682,0
55,DFT_CRT,time_scaling,wide,DEoptim,3683,0
55,DFT_CRT,time_scaling,wide,DEoptim,3684,0
55,DFT_CRT,time_scaling,wide,DEoptim,3685,0
55,DFT_CRT,time_scaling,wide,DEoptim,3686,0
55,DFT_CRT,time_scaling,wide,DEoptim,3687,0
55,DFT_CRT,time_scaling,wide,DEoptim,3688,0
55,DFT_CRT,time_scaling,wide,DEoptim,3689,0
55,DFT_CRT,time_scaling,wide,DEoptim,3690,0
55,DFT_CRT,time_scaling,wide,DEoptim,3691,0
55,DFT_CRT,time_scaling,wide,DEoptim,3692,0
55,DFT_CRT,time_scaling,wide,DEoptim,3693,0
55,DFT_CRT,time_scaling,wide,DEoptim,3694,0
55,DFT_CRT,time_scaling,wide,DEoptim,3695,0
55,DFT_CRT,time_scaling,wide,DEoptim,3696,0
55,DFT_CRT,time_scaling,wide,DEoptim,3697,0
55,DFT_CRT,time_scaling,wide,DEoptim,3698,0
55,DFT_CRT,time_scaling,wide,DEoptim,3699,0
55,DFT_CRT,time_scaling,wide,DEoptim,3700,0
55,DFT_CRT,time_scaling,wide,DEoptim,3701,0
55,DFT_CRT,time_scaling,wide,DEoptim,3702,0
55,DFT_CRT,time_scaling,wide,DEoptim,3703,0
55,DFT_CRT,time_scaling,wide,DEoptim,3704,0
55,DFT_CRT,time_scaling,wide,DEoptim,3705,0
55,DFT_CRT,time_scaling,wide,DEoptim,3706,0
55,DFT_CRT,time_scaling,wide,DEoptim,3707,0
55,DFT_CRT,time_scaling,wide,DEoptim,3708,0
55,DFT_CRT,time_scaling,wide,DEoptim,3709,0
55,DFT_CRT,time_scaling,wide,DEoptim,3710,0
55,DFT_CRT,time_scaling,wide,DEoptim,3711,0
55,DFT_CRT,time_scaling,wide,DEoptim,3712,0
55,DFT_CRT,time_scaling,wide,DEoptim,3713,0
55,DFT_CRT,time_scaling,wide,DEoptim,3714,0
55,DFT_CRT,time_scaling,wide,DEoptim,3715,0
55,DFT_CRT,time_scaling,wide,DEoptim,3716,0
55,DFT_CRT,time_scaling,wide,DEoptim,3717,0
55,DFT_CRT,time_scaling,wide,DEoptim,3718,0
55,DFT_CRT,time_scaling,wide,DEoptim,3719,0
55,DFT_CRT,time_scaling,wide,DEoptim,3720,0
55,DFT_CRT,time_scaling,wide,DEoptim,3721,0
55,DFT_CRT,time_scaling,wide,DEoptim,3722,0
55,DFT_CRT,time_scaling,wide,DEoptim,3723,0
55,DFT_CRT,time_scaling,wide,DEoptim,3724,0
55,DFT_CRT,time_scaling,wide,DEoptim,3725,0
55,DFT_CRT,time_scaling,wide,DEoptim,3726,0
55,DFT_CRT,time_scaling,wide,DEoptim,3727,0
55,DFT_CRT,time_scaling,wide,DEoptim,3728,0
55,DFT_CRT,time_scaling,wide,DEoptim,3729,0
55,DFT_CRT,time_scaling,wide,DEoptim,3730,0
55,DFT_CRT,time_scaling,wide,DEoptim,3731,0
55,DFT_CRT,time_scaling,wide,DEoptim,3732,0
55,DFT_CRT,time_scaling,wide,DEoptim,3733,0
55,DFT_CRT,time_scaling,wide,DEoptim,3734,0
55,DFT_CRT,time_scaling,wide,DEoptim,3735,0
55,DFT_CRT,time_scaling,wide,DEoptim,3736,0
55,DFT_CRT,time_scaling,wide,DEoptim,3737,0
55,DFT_CRT,time_scaling,wide,DEoptim,3738,0
55,DFT_CRT,time_scaling,wide,DEoptim,3739,0
55,DFT_CRT,time_scaling,wide,DEoptim,3740,0
55,DFT_CRT,time_scaling,wide,DEoptim,3741,0
55,DFT_CRT,time_scaling,wide,DEoptim,3742,0
55,DFT_CRT,time_scaling,wide,DEoptim,3743,0
55,DFT_CRT,time_scaling,wide,DEoptim,3744,0
55,DFT_CRT,time_scaling,wide,DEoptim,3745,0
55,DFT_CRT,time_scaling,wide,DEoptim,3746,0
55,DFT_CRT,time_scaling,wide,DEoptim,3747,0
55,DFT_CRT,time_scaling,wide,DEoptim,3748,0
55,DFT_CRT,time_scaling,wide,DEoptim,3749,0
55,DFT_CRT,time_scaling,wide,DEoptim,3750,0
55,DFT_CRT,time_scaling,wide,DEoptim,3751,0
55,DFT_CRT,time_scaling,wide,DEoptim,3752,0
55,DFT_CRT,time_scaling,wide,DEoptim,3753,0
55,DFT_CRT,time_scaling,wide,DEoptim,3754,0
55,DFT_CRT,time_scaling,wide,DEoptim,3755,0
55,DFT_CRT,time_scaling,wide,DEoptim,3756,0
55,DFT_CRT,time_scaling,wide,DEoptim,3757,0
55,DFT_CRT,time_scaling,wide,DEoptim,3758,0
55,DFT_CRT,time_scaling,wide,DEoptim,3759,0
55,DFT_CRT,time_scaling,wide,DEoptim,3760,0
55,DFT_CRT,time_scaling,wide,DEoptim,3761,0
55,DFT_CRT,time_scaling,wide,DEoptim,3762,0
55,DFT_CRT,time_scaling,wide,DEoptim,3763,0
55,DFT_CRT,time_scaling,wide,DEoptim,3764,0
55,DFT_CRT,time_scaling,wide,DEoptim,3765,0
55,DFT_CRT,time_scaling,wide,DEoptim,3766,0
55,DFT_CRT,time_scaling,wide,DEoptim,3767,0
55,DFT_CRT,time_scaling,wide,DEoptim,3768,0
55,DFT_CRT,time_scaling,wide,DEoptim,3769,0
55,DFT_CRT,time_scaling,wide,DEoptim,3770,0
55,DFT_CRT,time_scaling,wide,DEoptim,3771,0
55,DFT_CRT,time_scaling,wide,DEoptim,3772,0
55,DFT_CRT,time_scaling,wide,DEoptim,3773,0
55,DFT_CRT,time_scaling,wide,DEoptim,3774,0
55,DFT_CRT,time_scaling,wide,DEoptim,3775,0
55,DFT_CRT,time_scaling,wide,DEoptim,3776,0
55,DFT_CRT,time_scaling,wide,DEoptim,3777,0
55,DFT_CRT,time_scaling,wide,DEoptim,3778,0
55,DFT_CRT,time_scaling,wide,DEoptim,3779,0
55,DFT_CRT,time_scaling,wide,DEoptim,3780,0
55,DFT_CRT,time_scaling,wide,DEoptim,3781,0
55,DFT_CRT,time_scaling,wide,DEoptim,3782,0
55,DFT_CRT,time_scaling,wide,DEoptim,3783,0
55,DFT_CRT,time_scaling,wide,DEoptim,3784,0
55,DFT_CRT,time_scaling,wide,DEoptim,3785,0
55,DFT_CRT,time_scaling,wide,DEoptim,3786,0
55,DFT_CRT,time_scaling,wide,DEoptim,3787,0
55,DFT_CRT,time_scaling,wide,DEoptim,3788,0
55,DFT_CRT,time_scaling,wide,DEoptim,3789,0
55,DFT_CRT,time_scaling,wide,DEoptim,3790,0
55,DFT_CRT,time_scaling,wide,DEoptim,3791,0
55,DFT_CRT,time_scaling,wide,DEoptim,3792,0
55,DFT_CRT,time_scaling,wide,DEoptim,3793,0
55,DFT_CRT,time_scaling,wide,DEoptim,3794,0
55,DFT_CRT,time_scaling,wide,DEoptim,3795,0
55,DFT_CRT,time_scaling,wide,DEoptim,3796,0
55,DFT_CRT,time_scaling,wide,DEoptim,3797,0
55,DFT_CRT,time_scaling,wide,DEoptim,3798,0
55,DFT_CRT,time_scaling,wide,DEoptim,3799,0
55,DFT_CRT,time_scaling,wide,DEoptim,3800,0
55,DFT_CRT,time_scaling,wide,DEoptim,3801,0
55,DFT_CRT,time_scaling,wide,DEoptim,3802,0
55,DFT_CRT,time_scaling,wide,DEoptim,3803,0
55,DFT_CRT,time_scaling,wide,DEoptim,3804,0
55,DFT_CRT,time_scaling,wide,DEoptim,3805,0
55,DFT_CRT,time_scaling,wide,DEoptim,3806,0
55,DFT_CRT,time_scaling,wide,DEoptim,3807,0
55,DFT_CRT,time_scaling,wide,DEoptim,3808,0
55,DFT_CRT,time_scaling,wide,DEoptim,3809,0
55,DFT_CRT,time_scaling,wide,DEoptim,3810,0
55,DFT_CRT,time_scaling,wide,DEoptim,3811,0
55,DFT_CRT,time_scaling,wide,DEoptim,3812,0
55,DFT_CRT,time_scaling,wide,DEoptim,3813,0
55,DFT_CRT,time_scaling,wide,DEoptim,3814,0
55,DFT_CRT,time_scaling,wide,DEoptim,3815,0
55,DFT_CRT,time_scaling,wide,DEoptim,3816,0
55,DFT_CRT,time_scaling,wide,DEoptim,3817,0
55,DFT_CRT,time_scaling,wide,DEoptim,3818,0
55,DFT_CRT,time_scaling,wide,DEoptim,3819,0
55,DFT_CRT,time_scaling,wide,DEoptim,3820,0
55,DFT_CRT,time_scaling,wide,DEoptim,3821,0
55,DFT_CRT,time_scaling,wide,DEoptim,3822,0
55,DFT_CRT,time_scaling,wide,DEoptim,3823,0
55,DFT_CRT,time_scaling,wide,DEoptim,3824,0
55,DFT_CRT,time_scaling,wide,DEoptim,3825,0
55,DFT_CRT,time_scaling,wide,DEoptim,3826,0
55,DFT_CRT,time_scaling,wide,DEoptim,3827,0
55,DFT_CRT,time_scaling,wide,DEoptim,3828,0
55,DFT_CRT,time_scaling,wide,DEoptim,3829,0
55,DFT_CRT,time_scaling,wide,DEoptim,3830,0
55,DFT_CRT,time_scaling,wide,DEoptim,3831,0
55,DFT_CRT,time_scaling,wide,DEoptim,3832,0
55,DFT_CRT,time_scaling,wide,DEoptim,3833,0
55,DFT_CRT,time_scaling,wide,DEoptim,3834,0
55,DFT_CRT,time_scaling,wide,DEoptim,3835,0
55,DFT_CRT,time_scaling,wide,DEoptim,3836,0
55,DFT_CRT,time_scaling,wide,DEoptim,3837,0
55,DFT_CRT,time_scaling,wide,DEoptim,3838,0
55,DFT_CRT,time_scaling,wide,DEoptim,3839,0
55,DFT_CRT,time_scaling,wide,DEoptim,3840,0
55,DFT_CRT,time_scaling,wide,DEoptim,3841,0
55,DFT_CRT,time_scaling,wide,DEoptim,3842,0
55,DFT_CRT,time_scaling,wide,DEoptim,3843,0
55,DFT_CRT,time_scaling,wide,DEoptim,3844,0
55,DFT_CRT,time_scaling,wide,DEoptim,3845,0
55,DFT_CRT,time_scaling,wide,DEoptim,3846,0
55,DFT_CRT,time_scaling,wide,DEoptim,3847,0
55,DFT_CRT,time_scaling,wide,DEoptim,3848,0
55,DFT_CRT,time_scaling,wide,DEoptim,3849,0
55,DFT_CRT,time_scaling,wide,DEoptim,3850,0
55,DFT_CRT,time_scaling,wide,DEoptim,3851,0
55,DFT_CRT,time_scaling,wide,DEoptim,3852,0
55,DFT_CRT,time_scaling,wide,DEoptim,3853,0
55,DFT_CRT,time_scaling,wide,DEoptim,3854,0
55,DFT_CRT,time_scaling,wide,DEoptim,3855,0
55,DFT_CRT,time_scaling,wide,DEoptim,3856,0
55,DFT_CRT,time_scaling,wide,DEoptim,3857,0
55,DFT_CRT,time_scaling,wide,DEoptim,3858,0
55,DFT_CRT,time_scaling,wide,DEoptim,3859,0
55,DFT_CRT,time_scaling,wide,DEoptim,3860,0
55,DFT_CRT,time_scaling,wide,DEoptim,3861,0
55,DFT_CRT,time_scaling,wide,DEoptim,3862,0
55,DFT_CRT,time_scaling,wide,DEoptim,3863,0
55,DFT_CRT,time_scaling,wide,DEoptim,3864,0
55,DFT_CRT,time_scaling,wide,DEoptim,3865,0
55,DFT_CRT,time_scaling,wide,DEoptim,3866,0
55,DFT_CRT,time_scaling,wide,DEoptim,3867,0
55,DFT_CRT,time_scaling,wide,DEoptim,3868,0
55,DFT_CRT,time_scaling,wide,DEoptim,3869,0
55,DFT_CRT,time_scaling,wide,DEoptim,3870,0
55,DFT_CRT,time_scaling,wide,DEoptim,3871,0
55,DFT_CRT,time_scaling,wide,DEoptim,3872,0
55,DFT_CRT,time_scaling,wide,DEoptim,3873,0
55,DFT_CRT,time_scaling,wide,DEoptim,3874,0
55,DFT_CRT,time_scaling,wide,DEoptim,3875,0
55,DFT_CRT,time_scaling,wide,DEoptim,3876,0
55,DFT_CRT,time_scaling,wide,DEoptim,3877,0
55,DFT_CRT,time_scaling,wide,DEoptim,3878,0
55,DFT_CRT,time_scaling,wide,DEoptim,3879,0
55,DFT_CRT,time_scaling,wide,DEoptim,3880,0
55,DFT_CRT,time_scaling,wide,DEoptim,3881,0
55,DFT_CRT,time_scaling,wide,DEoptim,3882,0
55,DFT_CRT,time_scaling,wide,DEoptim,3883,0
55,DFT_CRT,time_scaling,wide,DEoptim,3884,0
55,DFT_CRT,time_scaling,wide,DEoptim,3885,0
55,DFT_CRT,time_scaling,wide,DEoptim,3886,0
55,DFT_CRT,time_scaling,wide,DEoptim,3887,0
55,DFT_CRT,time_scaling,wide,DEoptim,3888,0
55,DFT_CRT,time_scaling,wide,DEoptim,3889,0
55,DFT_CRT,time_scaling,wide,DEoptim,3890,0
55,DFT_CRT,time_scaling,wide,DEoptim,3891,0
55,DFT_CRT,time_scaling,wide,DEoptim,3892,0
55,DFT_CRT,time_scaling,wide,DEoptim,3893,0
55,DFT_CRT,time_scaling,wide,DEoptim,3894,0
55,DFT_CRT,time_scaling,wide,DEoptim,3895,0
55,DFT_CRT,time_scaling,wide,DEoptim,3896,0
55,DFT_CRT,time_scaling,wide,DEoptim,3897,0
55,DFT_CRT,time_scaling,wide,DEoptim,3898,0
55,DFT_CRT,time_scaling,wide,DEoptim,3899,0
55,DFT_CRT,time_scaling,wide,DEoptim,3900,0
55,DFT_CRT,time_scaling,wide,DEoptim,3901,0
55,DFT_CRT,time_scaling,wide,DEoptim,3902,0
55,DFT_CRT,time_scaling,wide,DEoptim,3903,0
55,DFT_CRT,time_scaling,wide,DEoptim,3904,0
55,DFT_CRT,time_scaling,wide,DEoptim,3905,0
55,DFT_CRT,time_scaling,wide,DEoptim,3906,0
55,DFT_CRT,time_scaling,wide,DEoptim,3907,0
55,DFT_CRT,time_scaling,wide,DEoptim,3908,0
55,DFT_CRT,time_scaling,wide,DEoptim,3909,0
55,DFT_CRT,time_scaling,wide,DEoptim,3910,0
55,DFT_CRT,time_scaling,wide,DEoptim,3911,0
55,DFT_CRT,time_scaling,wide,DEoptim,3912,0
55,DFT_CRT,time_scaling,wide,DEoptim,3913,0
55,DFT_CRT,time_scaling,wide,DEoptim,3914,0
55,DFT_CRT,time_scaling,wide,DEoptim,3915,0
55,DFT_CRT,time_scaling,wide,DEoptim,3916,0
55,DFT_CRT,time_scaling,wide,DEoptim,3917,0
55,DFT_CRT,time_scaling,wide,DEoptim,3918,0
55,DFT_CRT,time_scaling,wide,DEoptim,3919,0
55,DFT_CRT,time_scaling,wide,DEoptim,3920,0
55,DFT_CRT,time_scaling,wide,DEoptim,3921,0
55,DFT_CRT,time_scaling,wide,DEoptim,3922,0
55,DFT_CRT,time_scaling,wide,DEoptim,3923,0
55,DFT_CRT,time_scaling,wide,DEoptim,3924,0
55,DFT_CRT,time_scaling,wide,DEoptim,3925,0
55,DFT_CRT,time_scaling,wide,DEoptim,3926,0
55,DFT_CRT,time_scaling,wide,DEoptim,3927,0
55,DFT_CRT,time_scaling,wide,DEoptim,3928,0
55,DFT_CRT,time_scaling,wide,DEoptim,3929,0
55,DFT_CRT,time_scaling,wide,DEoptim,3930,0
55,DFT_CRT,time_scaling,wide,DEoptim,3931,0
55,DFT_CRT,time_scaling,wide,DEoptim,3932,0
55,DFT_CRT,time_scaling,wide,DEoptim,3933,0
55,DFT_CRT,time_scaling,wide,DEoptim,3934,0
55,DFT_CRT,time_scaling,wide,DEoptim,3935,0
55,DFT_CRT,time_scaling,wide,DEoptim,3936,0
55,DFT_CRT,time_scaling,wide,DEoptim,3937,0
55,DFT_CRT,time_scaling,wide,DEoptim,3938,0
55,DFT_CRT,time_scaling,wide,DEoptim,3939,0
55,DFT_CRT,time_scaling,wide,DEoptim,3940,0
55,DFT_CRT,time_scaling,wide,DEoptim,3941,0
55,DFT_CRT,time_scaling,wide,DEoptim,3942,0
55,DFT_CRT,time_scaling,wide,DEoptim,3943,0
55,DFT_CRT,time_scaling,wide,DEoptim,3944,0
55,DFT_CRT,time_scaling,wide,DEoptim,3945,0
55,DFT_CRT,time_scaling,wide,DEoptim,3946,0
55,DFT_CRT,time_scaling,wide,DEoptim,3947,0
55,DFT_CRT,time_scaling,wide,DEoptim,3948,0
55,DFT_CRT,time_scaling,wide,DEoptim,3949,0
55,DFT_CRT,time_scaling,wide,DEoptim,3950,0
55,DFT_CRT,time_scaling,wide,DEoptim,3951,0
55,DFT_CRT,time_scaling,wide,DEoptim,3952,0
55,DFT_CRT,time_scaling,wide,DEoptim,3953,0
55,DFT_CRT,time_scaling,wide,DEoptim,3954,0
55,DFT_CRT,time_scaling,wide,DEoptim,3955,0
55,DFT_CRT,time_scaling,wide,DEoptim,3956,0
55,DFT_CRT,time_scaling,wide,DEoptim,3957,0
55,DFT_CRT,time_scaling,wide,DEoptim,3958,0
55,DFT_CRT,time_scaling,wide,DEoptim,3959,0
55,DFT_CRT,time_scaling,wide,DEoptim,3960,0
55,DFT_CRT,time_scaling,wide,DEoptim,3961,0
55,DFT_CRT,time_scaling,wide,DEoptim,3962,0
55,DFT_CRT,time_scaling,wide,DEoptim,3963,0
55,DFT_CRT,time_scaling,wide,DEoptim,3964,0
55,DFT_CRT,time_scaling,wide,DEoptim,3965,0
55,DFT_CRT,time_scaling,wide,DEoptim,3966,0
55,DFT_CRT,time_scaling,wide,DEoptim,3967,0
55,DFT_CRT,time_scaling,wide,DEoptim,3968,0
55,DFT_CRT,time_scaling,wide,DEoptim,3969,0
55,DFT_CRT,time_scaling,wide,DEoptim,3970,0
55,DFT_CRT,time_scaling,wide,DEoptim,3971,0
55,DFT_CRT,time_scaling,wide,DEoptim,3972,0
55,DFT_CRT,time_scaling,wide,DEoptim,3973,0
55,DFT_CRT,time_scaling,wide,DEoptim,3974,0
55,DFT_CRT,time_scaling,wide,DEoptim,3975,0
55,DFT_CRT,time_scaling,wide,DEoptim,3976,0
55,DFT_CRT,time_scaling,wide,DEoptim,3977,0
55,DFT_CRT,time_scaling,wide,DEoptim,3978,0
55,DFT_CRT,time_scaling,wide,DEoptim,3979,0
55,DFT_CRT,time_scaling,wide,DEoptim,3980,0
55,DFT_CRT,time_scaling,wide,DEoptim,3981,0
55,DFT_CRT,time_scaling,wide,DEoptim,3982,0
55,DFT_CRT,time_scaling,wide,DEoptim,3983,0
55,DFT_CRT,time_scaling,wide,DEoptim,3984,0
55,DFT_CRT,time_scaling,wide,DEoptim,3985,0
55,DFT_CRT,time_scaling,wide,DEoptim,3986,0
55,DFT_CRT,time_scaling,wide,DEoptim,3987,0
55,DFT_CRT,time_scaling,wide,DEoptim,3988,0
55,DFT_CRT,time_scaling,wide,DEoptim,3989,0
55,DFT_CRT,time_scaling,wide,DEoptim,3990,0
55,DFT_CRT,time_scaling,wide,DEoptim,3991,0
55,DFT_CRT,time_scaling,wide,DEoptim,3992,0
55,DFT_CRT,time_scaling,wide,DEoptim,3993,0
55,DFT_CRT,time_scaling,wide,DEoptim,3994,0
55,DFT_CRT,time_scaling,wide,DEoptim,3995,0
55,DFT_CRT,time_scaling,wide,DEoptim,3996,0
55,DFT_CRT,time_scaling,wide,DEoptim,3997,0
55,DFT_CRT,time_scaling,wide,DEoptim,3998,0
55,DFT_CRT,time_scaling,wide,DEoptim,3999,0
55,DFT_CRT,time_scaling,wide,DEoptim,4000,0
55,DFT_CRT,time_scaling,wide,DEoptim,4001,0
55,DFT_CRT,time_scaling,wide,DEoptim,4002,0
55,DFT_CRT,time_scaling,wide,DEoptim,4003,0
55,DFT_CRT,time_scaling,wide,DEoptim,4004,0
55,DFT_CRT,time_scaling,wide,DEoptim,4005,0
55,DFT_CRT,time_scaling,wide,DEoptim,4006,0
55,DFT_CRT,time_scaling,wide,DEoptim,4007,0
55,DFT_CRT,time_scaling,wide,DEoptim,4008,0
55,DFT_CRT,time_scaling,wide,DEoptim,4009,0
55,DFT_CRT,time_scaling,wide,DEoptim,4010,0
55,DFT_CRT,time_scaling,wide,DEoptim,4011,0
55,DFT_CRT,time_scaling,wide,DEoptim,4012,0
55,DFT_CRT,time_scaling,wide,DEoptim,4013,0
55,DFT_CRT,time_scaling,wide,DEoptim,4014,0
55,DFT_CRT,time_scaling,wide,DEoptim,4015,0
55,DFT_CRT,time_scaling,wide,DEoptim,4016,0
55,DFT_CRT,time_scaling,wide,DEoptim,4017,0
55,DFT_CRT,time_scaling,wide,DEoptim,4018,0
55,DFT_CRT,time_scaling,wide,DEoptim,4019,0
55,DFT_CRT,time_scaling,wide,DEoptim,4020,0
55,DFT_CRT,time_scaling,wide,DEoptim,4021,0
55,DFT_CRT,time_scaling,wide,DEoptim,4022,0
55,DFT_CRT,time_scaling,wide,DEoptim,4023,0
55,DFT_CRT,time_scaling,wide,DEoptim,4024,0
55,DFT_CRT,time_scaling,wide,DEoptim,4025,0
55,DFT_CRT,time_scaling,wide,DEoptim,4026,0
55,DFT_CRT,time_scaling,wide,DEoptim,4027,0
55,DFT_CRT,time_scaling,wide,DEoptim,4028,0
55,DFT_CRT,time_scaling,wide,DEoptim,4029,0
55,DFT_CRT,time_scaling,wide,DEoptim,4030,0
55,DFT_CRT,time_scaling,wide,DEoptim,4031,0
55,DFT_CRT,time_scaling,wide,DEoptim,4032,0
55,DFT_CRT,time_scaling,wide,DEoptim,4033,0
55,DFT_CRT,time_scaling,wide,DEoptim,4034,0
55,DFT_CRT,time_scaling,wide,DEoptim,4035,0
55,DFT_CRT,time_scaling,wide,DEoptim,4036,0
55,DFT_CRT,time_scaling,wide,DEoptim,4037,0
55,DFT_CRT,time_scaling,wide,DEoptim,4038,0
55,DFT_CRT,time_scaling,wide,DEoptim,4039,0
55,DFT_CRT,time_scaling,wide,DEoptim,4040,0
55,DFT_CRT,time_scaling,wide,DEoptim,4041,0
55,DFT_CRT,time_scaling,wide,DEoptim,4042,0
55,DFT_CRT,time_scaling,wide,DEoptim,4043,0
55,DFT_CRT,time_scaling,wide,DEoptim,4044,0
55,DFT_CRT,time_scaling,wide,DEoptim,4045,0
55,DFT_CRT,time_scaling,wide,DEoptim,4046,0
55,DFT_CRT,time_scaling,wide,DEoptim,4047,0
55,DFT_CRT,time_scaling,wide,DEoptim,4048,0
55,DFT_CRT,time_scaling,wide,DEoptim,4049,0
55,DFT_CRT,time_scaling,wide,DEoptim,4050,0
55,DFT_CRT,time_scaling,wide,DEoptim,4051,0
55,DFT_CRT,time_scaling,wide,DEoptim,4052,0
55,DFT_CRT,time_scaling,wide,DEoptim,4053,0
55,DFT_CRT,time_scaling,wide,DEoptim,4054,0
55,DFT_CRT,time_scaling,wide,DEoptim,4055,0
55,DFT_CRT,time_scaling,wide,DEoptim,4056,0
55,DFT_CRT,time_scaling,wide,DEoptim,4057,0
55,DFT_CRT,time_scaling,wide,DEoptim,4058,0
55,DFT_CRT,time_scaling,wide,DEoptim,4059,0
55,DFT_CRT,time_scaling,wide,DEoptim,4060,0
55,DFT_CRT,time_scaling,wide,DEoptim,4061,0
55,DFT_CRT,time_scaling,wide,DEoptim,4062,0
55,DFT_CRT,time_scaling,wide,DEoptim,4063,0
55,DFT_CRT,time_scaling,wide,DEoptim,4064,0
55,DFT_CRT,time_scaling,wide,DEoptim,4065,0
55,DFT_CRT,time_scaling,wide,DEoptim,4066,0
55,DFT_CRT,time_scaling,wide,DEoptim,4067,0
55,DFT_CRT,time_scaling,wide,DEoptim,4068,0
55,DFT_CRT,time_scaling,wide,DEoptim,4069,0
55,DFT_CRT,time_scaling,wide,DEoptim,4070,0
55,DFT_CRT,time_scaling,wide,DEoptim,4071,0
55,DFT_CRT,time_scaling,wide,DEoptim,4072,0
55,DFT_CRT,time_scaling,wide,DEoptim,4073,0
55,DFT_CRT,time_scaling,wide,DEoptim,4074,0
55,DFT_CRT,time_scaling,wide,DEoptim,4075,0
55,DFT_CRT,time_scaling,wide,DEoptim,4076,0
55,DFT_CRT,time_scaling,wide,DEoptim,4077,0
55,DFT_CRT,time_scaling,wide,DEoptim,4078,0
55,DFT_CRT,time_scaling,wide,DEoptim,4079,0
55,DFT_CRT,time_scaling,wide,DEoptim,4080,0
55,DFT_CRT,time_scaling,wide,DEoptim,4081,0
55,DFT_CRT,time_scaling,wide,DEoptim,4082,0
55,DFT_CRT,time_scaling,wide,DEoptim,4083,0
55,DFT_CRT,time_scaling,wide,DEoptim,4084,0
55,DFT_CRT,time_scaling,wide,DEoptim,4085,0
55,DFT_CRT,time_scaling,wide,DEoptim,4086,0
55,DFT_CRT,time_scaling,wide,DEoptim,4087,0
55,DFT_CRT,time_scaling,wide,DEoptim,4088,0
55,DFT_CRT,time_scaling,wide,DEoptim,4089,0
55,DFT_CRT,time_scaling,wide,DEoptim,4090,0
55,DFT_CRT,time_scaling,wide,DEoptim,4091,0
55,DFT_CRT,time_scaling,wide,DEoptim,4092,0
55,DFT_CRT,time_scaling,wide,DEoptim,4093,0
55,DFT_CRT,time_scaling,wide,DEoptim,4094,0
55,DFT_CRT,time_scaling,wide,DEoptim,4095,0
55,DFT_CRT,time_scaling,wide,DEoptim,4096,0
55,DFT_CRT,time_scaling,wide,DEoptim,4097,0
55,DFT_CRT,time_scaling,wide,DEoptim,4098,0
55,DFT_CRT,time_scaling,wide,DEoptim,4099,0
55,DFT_CRT,time_scaling,wide,DEoptim,4100,0
55,DFT_CRT,time_scaling,wide,DEoptim,4101,0
55,DFT_CRT,time_scaling,wide,DEoptim,4102,0
55,DFT_CRT,time_scaling,wide,DEoptim,4103,0
55,DFT_CRT,time_scaling,wide,DEoptim,4104,0
55,DFT_CRT,time_scaling,wide,DEoptim,4105,0
55,DFT_CRT,time_scaling,wide,DEoptim,4106,0
55,DFT_CRT,time_scaling,wide,DEoptim,4107,0
55,DFT_CRT,time_scaling,wide,DEoptim,4108,0
55,DFT_CRT,time_scaling,wide,DEoptim,4109,0
55,DFT_CRT,time_scaling,wide,DEoptim,4110,0
55,DFT_CRT,time_scaling,wide,DEoptim,4111,0
55,DFT_CRT,time_scaling,wide,DEoptim,4112,0
55,DFT_CRT,time_scaling,wide,DEoptim,4113,0
55,DFT_CRT,time_scaling,wide,DEoptim,4114,0
55,DFT_CRT,time_scaling,wide,DEoptim,4115,0
55,DFT_CRT,time_scaling,wide,DEoptim,4116,0
55,DFT_CRT,time_scaling,wide,DEoptim,4117,0
55,DFT_CRT,time_scaling,wide,DEoptim,4118,0
55,DFT_CRT,time_scaling,wide,DEoptim,4119,0
55,DFT_CRT,time_scaling,wide,DEoptim,4120,0
55,DFT_CRT,time_scaling,wide,DEoptim,4121,0
55,DFT_CRT,time_scaling,wide,DEoptim,4122,0
55,DFT_CRT,time_scaling,wide,DEoptim,4123,0
55,DFT_CRT,time_scaling,wide,DEoptim,4124,0
55,DFT_CRT,time_scaling,wide,DEoptim,4125,0
55,DFT_CRT,time_scaling,wide,DEoptim,4126,0
55,DFT_CRT,time_scaling,wide,DEoptim,4127,0
55,DFT_CRT,time_scaling,wide,DEoptim,4128,0
55,DFT_CRT,time_scaling,wide,DEoptim,4129,0
55,DFT_CRT,time_scaling,wide,DEoptim,4130,0
55,DFT_CRT,time_scaling,wide,DEoptim,4131,0
55,DFT_CRT,time_scaling,wide,DEoptim,4132,0
55,DFT_CRT,time_scaling,wide,DEoptim,4133,0
55,DFT_CRT,time_scaling,wide,DEoptim,4134,0
55,DFT_CRT,time_scaling,wide,DEoptim,4135,0
55,DFT_CRT,time_scaling,wide,DEoptim,4136,0
55,DFT_CRT,time_scaling,wide,DEoptim,4137,0
55,DFT_CRT,time_scaling,wide,DEoptim,4138,0
55,DFT_CRT,time_scaling,wide,DEoptim,4139,0
55,DFT_CRT,time_scaling,wide,DEoptim,4140,0
55,DFT_CRT,time_scaling,wide,DEoptim,4141,0
55,DFT_CRT,time_scaling,wide,DEoptim,4142,0
55,DFT_CRT,time_scaling,wide,DEoptim,4143,0
55,DFT_CRT,time_scaling,wide,DEoptim,4144,0
55,DFT_CRT,time_scaling,wide,DEoptim,4145,0
55,DFT_CRT,time_scaling,wide,DEoptim,4146,0
55,DFT_CRT,time_scaling,wide,DEoptim,4147,0
55,DFT_CRT,time_scaling,wide,DEoptim,4148,0
55,DFT_CRT,time_scaling,wide,DEoptim,4149,0
55,DFT_CRT,time_scaling,wide,DEoptim,4150,0
55,DFT_CRT,time_scaling,wide,DEoptim,4151,0
55,DFT_CRT,time_scaling,wide,DEoptim,4152,0
55,DFT_CRT,time_scaling,wide,DEoptim,4153,0
55,DFT_CRT,time_scaling,wide,DEoptim,4154,0
55,DFT_CRT,time_scaling,wide,DEoptim,4155,0
55,DFT_CRT,time_scaling,wide,DEoptim,4156,0
55,DFT_CRT,time_scaling,wide,DEoptim,4157,0
55,DFT_CRT,time_scaling,wide,DEoptim,4158,0
55,DFT_CRT,time_scaling,wide,DEoptim,4159,0
55,DFT_CRT,time_scaling,wide,DEoptim,4160,0
55,DFT_CRT,time_scaling,wide,DEoptim,4161,0
55,DFT_CRT,time_scaling,wide,DEoptim,4162,0
55,DFT_CRT,time_scaling,wide,DEoptim,4163,0
55,DFT_CRT,time_scaling,wide,DEoptim,4164,0
55,DFT_CRT,time_scaling,wide,DEoptim,4165,0
55,DFT_CRT,time_scaling,wide,DEoptim,4166,0
55,DFT_CRT,time_scaling,wide,DEoptim,4167,0
55,DFT_CRT,time_scaling,wide,DEoptim,4168,0
55,DFT_CRT,time_scaling,wide,DEoptim,4169,0
55,DFT_CRT,time_scaling,wide,DEoptim,4170,0
55,DFT_CRT,time_scaling,wide,DEoptim,4171,0
55,DFT_CRT,time_scaling,wide,DEoptim,4172,0
55,DFT_CRT,time_scaling,wide,DEoptim,4173,0
55,DFT_CRT,time_scaling,wide,DEoptim,4174,0
55,DFT_CRT,time_scaling,wide,DEoptim,4175,0
55,DFT_CRT,time_scaling,wide,DEoptim,4176,0
55,DFT_CRT,time_scaling,wide,DEoptim,4177,0
55,DFT_CRT,time_scaling,wide,DEoptim,4178,0
55,DFT_CRT,time_scaling,wide,DEoptim,4179,0
55,DFT_CRT,time_scaling,wide,DEoptim,4180,0
55,DFT_CRT,time_scaling,wide,DEoptim,4181,0
55,DFT_CRT,time_scaling,wide,DEoptim,4182,0
55,DFT_CRT,time_scaling,wide,DEoptim,4183,0
55,DFT_CRT,time_scaling,wide,DEoptim,4184,0
55,DFT_CRT,time_scaling,wide,DEoptim,4185,0
55,DFT_CRT,time_scaling,wide,DEoptim,4186,0
55,DFT_CRT,time_scaling,wide,DEoptim,4187,0
55,DFT_CRT,time_scaling,wide,DEoptim,4188,0
55,DFT_CRT,time_scaling,wide,DEoptim,4189,0
55,DFT_CRT,time_scaling,wide,DEoptim,4190,0
55,DFT_CRT,time_scaling,wide,DEoptim,4191,0
55,DFT_CRT,time_scaling,wide,DEoptim,4192,0
55,DFT_CRT,time_scaling,wide,DEoptim,4193,0
55,DFT_CRT,time_scaling,wide,DEoptim,4194,0
55,DFT_CRT,time_scaling,wide,DEoptim,4195,0
55,DFT_CRT,time_scaling,wide,DEoptim,4196,0
55,DFT_CRT,time_scaling,wide,DEoptim,4197,0
55,DFT_CRT,time_scaling,wide,DEoptim,4198,0
55,DFT_CRT,time_scaling,wide,DEoptim,4199,0
55,DFT_CRT,time_scaling,wide,DEoptim,4200,0
55,DFT_CRT,time_scaling,wide,DEoptim,4201,0
55,DFT_CRT,time_scaling,wide,DEoptim,4202,0
55,DFT_CRT,time_scaling,wide,DEoptim,4203,0
55,DFT_CRT,time_scaling,wide,DEoptim,4204,0
55,DFT_CRT,time_scaling,wide,DEoptim,4205,0
55,DFT_CRT,time_scaling,wide,DEoptim,4206,0
55,DFT_CRT,time_scaling,wide,DEoptim,4207,0
55,DFT_CRT,time_scaling,wide,DEoptim,4208,0
55,DFT_CRT,time_scaling,wide,DEoptim,4209,0
55,DFT_CRT,time_scaling,wide,DEoptim,4210,0
55,DFT_CRT,time_scaling,wide,DEoptim,4211,0
55,DFT_CRT,time_scaling,wide,DEoptim,4212,0
55,DFT_CRT,time_scaling,wide,DEoptim,4213,0
55,DFT_CRT,time_scaling,wide,DEoptim,4214,0
55,DFT_CRT,time_scaling,wide,DEoptim,4215,0
55,DFT_CRT,time_scaling,wide,DEoptim,4216,0
55,DFT_CRT,time_scaling,wide,DEoptim,4217,0
55,DFT_CRT,time_scaling,wide,DEoptim,4218,0
55,DFT_CRT,time_scaling,wide,DEoptim,4219,0
55,DFT_CRT,time_scaling,wide,DEoptim,4220,0
55,DFT_CRT,time_scaling,wide,DEoptim,4221,0
55,DFT_CRT,time_scaling,wide,DEoptim,4222,0
55,DFT_CRT,time_scaling,wide,DEoptim,4223,0
55,DFT_CRT,time_scaling,wide,DEoptim,4224,0
55,DFT_CRT,time_scaling,wide,DEoptim,4225,0
55,DFT_CRT,time_scaling,wide,DEoptim,4226,0
55,DFT_CRT,time_scaling,wide,DEoptim,4227,0
55,DFT_CRT,time_scaling,wide,DEoptim,4228,0
55,DFT_CRT,time_scaling,wide,DEoptim,4229,0
55,DFT_CRT,time_scaling,wide,DEoptim,4230,0
55,DFT_CRT,time_scaling,wide,DEoptim,4231,0
55,DFT_CRT,time_scaling,wide,DEoptim,4232,0
55,DFT_CRT,time_scaling,wide,DEoptim,4233,0
55,DFT_CRT,time_scaling,wide,DEoptim,4234,0
55,DFT_CRT,time_scaling,wide,DEoptim,4235,0
55,DFT_CRT,time_scaling,wide,DEoptim,4236,0
55,DFT_CRT,time_scaling,wide,DEoptim,4237,0
55,DFT_CRT,time_scaling,wide,DEoptim,4238,0
55,DFT_CRT,time_scaling,wide,DEoptim,4239,0
55,DFT_CRT,time_scaling,wide,DEoptim,4240,0
55,DFT_CRT,time_scaling,wide,DEoptim,4241,0
55,DFT_CRT,time_scaling,wide,DEoptim,4242,0
55,DFT_CRT,time_scaling,wide,DEoptim,4243,0
55,DFT_CRT,time_scaling,wide,DEoptim,4244,0
55,DFT_CRT,time_scaling,wide,DEoptim,4245,0
55,DFT_CRT,time_scaling,wide,DEoptim,4246,0
55,DFT_CRT,time_scaling,wide,DEoptim,4247,0
55,DFT_CRT,time_scaling,wide,DEoptim,4248,0
55,DFT_CRT,time_scaling,wide,DEoptim,4249,0
55,DFT_CRT,time_scaling,wide,DEoptim,4250,0
55,DFT_CRT,time_scaling,wide,DEoptim,4251,0
55,DFT_CRT,time_scaling,wide,DEoptim,4252,0
55,DFT_CRT,time_scaling,wide,DEoptim,4253,0
55,DFT_CRT,time_scaling,wide,DEoptim,4254,0
55,DFT_CRT,time_scaling,wide,DEoptim,4255,0
55,DFT_CRT,time_scaling,wide,DEoptim,4256,0
55,DFT_CRT,time_scaling,wide,DEoptim,4257,0
55,DFT_CRT,time_scaling,wide,DEoptim,4258,0
55,DFT_CRT,time_scaling,wide,DEoptim,4259,0
55,DFT_CRT,time_scaling,wide,DEoptim,4260,0
55,DFT_CRT,time_scaling,wide,DEoptim,4261,0
55,DFT_CRT,time_scaling,wide,DEoptim,4262,0
55,DFT_CRT,time_scaling,wide,DEoptim,4263,0
55,DFT_CRT,time_scaling,wide,DEoptim,4264,0
55,DFT_CRT,time_scaling,wide,DEoptim,4265,0
55,DFT_CRT,time_scaling,wide,DEoptim,4266,0
55,DFT_CRT,time_scaling,wide,DEoptim,4267,0
55,DFT_CRT,time_scaling,wide,DEoptim,4268,0
55,DFT_CRT,time_scaling,wide,DEoptim,4269,0
55,DFT_CRT,time_scaling,wide,DEoptim,4270,0
55,DFT_CRT,time_scaling,wide,DEoptim,4271,0
55,DFT_CRT,time_scaling,wide,DEoptim,4272,0
55,DFT_CRT,time_scaling,wide,DEoptim,4273,0
55,DFT_CRT,time_scaling,wide,DEoptim,4274,0
55,DFT_CRT,time_scaling,wide,DEoptim,4275,0
55,DFT_CRT,time_scaling,wide,DEoptim,4276,0
55,DFT_CRT,time_scaling,wide,DEoptim,4277,0
55,DFT_CRT,time_scaling,wide,DEoptim,4278,0
55,DFT_CRT,time_scaling,wide,DEoptim,4279,0
55,DFT_CRT,time_scaling,wide,DEoptim,4280,0
55,DFT_CRT,time_scaling,wide,DEoptim,4281,0
55,DFT_CRT,time_scaling,wide,DEoptim,4282,0
55,DFT_CRT,time_scaling,wide,DEoptim,4283,0
55,DFT_CRT,time_scaling,wide,DEoptim,4284,0
55,DFT_CRT,time_scaling,wide,DEoptim,4285,0
55,DFT_CRT,time_scaling,wide,DEoptim,4286,0
55,DFT_CRT,time_scaling,wide,DEoptim,4287,0
55,DFT_CRT,time_scaling,wide,DEoptim,4288,0
55,DFT_CRT,time_scaling,wide,DEoptim,4289,0
55,DFT_CRT,time_scaling,wide,DEoptim,4290,0
55,DFT_CRT,time_scaling,wide,DEoptim,4291,0
55,DFT_CRT,time_scaling,wide,DEoptim,4292,0
55,DFT_CRT,time_scaling,wide,DEoptim,4293,0
55,DFT_CRT,time_scaling,wide,DEoptim,4294,0
55,DFT_CRT,time_scaling,wide,DEoptim,4295,0
55,DFT_CRT,time_scaling,wide,DEoptim,4296,0
55,DFT_CRT,time_scaling,wide,DEoptim,4297,0
55,DFT_CRT,time_scaling,wide,DEoptim,4298,0
55,DFT_CRT,time_scaling,wide,DEoptim,4299,0
55,DFT_CRT,time_scaling,wide,DEoptim,4300,0
55,DFT_CRT,time_scaling,wide,DEoptim,4301,0
55,DFT_CRT,time_scaling,wide,DEoptim,4302,0
55,DFT_CRT,time_scaling,wide,DEoptim,4303,0
55,DFT_CRT,time_scaling,wide,DEoptim,4304,0
55,DFT_CRT,time_scaling,wide,DEoptim,4305,0
55,DFT_CRT,time_scaling,wide,DEoptim,4306,0
55,DFT_CRT,time_scaling,wide,DEoptim,4307,0
55,DFT_CRT,time_scaling,wide,DEoptim,4308,0
55,DFT_CRT,time_scaling,wide,DEoptim,4309,0
55,DFT_CRT,time_scaling,wide,DEoptim,4310,0
55,DFT_CRT,time_scaling,wide,DEoptim,4311,0
55,DFT_CRT,time_scaling,wide,DEoptim,4312,0
55,DFT_CRT,time_scaling,wide,DEoptim,4313,0
55,DFT_CRT,time_scaling,wide,DEoptim,4314,0
55,DFT_CRT,time_scaling,wide,DEoptim,4315,0
55,DFT_CRT,time_scaling,wide,DEoptim,4316,0
55,DFT_CRT,time_scaling,wide,DEoptim,4317,0
55,DFT_CRT,time_scaling,wide,DEoptim,4318,0
55,DFT_CRT,time_scaling,wide,DEoptim,4319,0
55,DFT_CRT,time_scaling,wide,DEoptim,4320,0
55,DFT_CRT,time_scaling,wide,DEoptim,4321,0
55,DFT_CRT,time_scaling,wide,DEoptim,4322,0
55,DFT_CRT,time_scaling,wide,DEoptim,4323,0
55,DFT_CRT,time_scaling,wide,DEoptim,4324,0
55,DFT_CRT,time_scaling,wide,DEoptim,4325,0
55,DFT_CRT,time_scaling,wide,DEoptim,4326,0
55,DFT_CRT,time_scaling,wide,DEoptim,4327,0
55,DFT_CRT,time_scaling,wide,DEoptim,4328,0
55,DFT_CRT,time_scaling,wide,DEoptim,4329,0
55,DFT_CRT,time_scaling,wide,DEoptim,4330,0
55,DFT_CRT,time_scaling,wide,DEoptim,4331,0
55,DFT_CRT,time_scaling,wide,DEoptim,4332,0
55,DFT_CRT,time_scaling,wide,DEoptim,4333,0
55,DFT_CRT,time_scaling,wide,DEoptim,4334,0
55,DFT_CRT,time_scaling,wide,DEoptim,4335,0
55,DFT_CRT,time_scaling,wide,DEoptim,4336,0
55,DFT_CRT,time_scaling,wide,DEoptim,4337,0
55,DFT_CRT,time_scaling,wide,DEoptim,4338,0
55,DFT_CRT,time_scaling,wide,DEoptim,4339,0
55,DFT_CRT,time_scaling,wide,DEoptim,4340,0
55,DFT_CRT,time_scaling,wide,DEoptim,4341,0
55,DFT_CRT,time_scaling,wide,DEoptim,4342,0
55,DFT_CRT,time_scaling,wide,DEoptim,4343,0
55,DFT_CRT,time_scaling,wide,DEoptim,4344,0
55,DFT_CRT,time_scaling,wide,DEoptim,4345,0
55,DFT_CRT,time_scaling,wide,DEoptim,4346,0
55,DFT_CRT,time_scaling,wide,DEoptim,4347,0
55,DFT_CRT,time_scaling,wide,DEoptim,4348,0
55,DFT_CRT,time_scaling,wide,DEoptim,4349,0
55,DFT_CRT,time_scaling,wide,DEoptim,4350,0
55,DFT_CRT,time_scaling,wide,DEoptim,4351,0
55,DFT_CRT,time_scaling,wide,DEoptim,4352,0
55,DFT_CRT,time_scaling,wide,DEoptim,4353,0
55,DFT_CRT,time_scaling,wide,DEoptim,4354,0
55,DFT_CRT,time_scaling,wide,DEoptim,4355,0
55,DFT_CRT,time_scaling,wide,DEoptim,4356,0
55,DFT_CRT,time_scaling,wide,DEoptim,4357,0
55,DFT_CRT,time_scaling,wide,DEoptim,4358,0
55,DFT_CRT,time_scaling,wide,DEoptim,4359,0
55,DFT_CRT,time_scaling,wide,DEoptim,4360,0
55,DFT_CRT,time_scaling,wide,DEoptim,4361,0
55,DFT_CRT,time_scaling,wide,DEoptim,4362,0
55,DFT_CRT,time_scaling,wide,DEoptim,4363,0
55,DFT_CRT,time_scaling,wide,DEoptim,4364,0
55,DFT_CRT,time_scaling,wide,DEoptim,4365,0
55,DFT_CRT,time_scaling,wide,DEoptim,4366,0
55,DFT_CRT,time_scaling,wide,DEoptim,4367,0
55,DFT_CRT,time_scaling,wide,DEoptim,4368,0
55,DFT_CRT,time_scaling,wide,DEoptim,4369,0
55,DFT_CRT,time_scaling,wide,DEoptim,4370,0
55,DFT_CRT,time_scaling,wide,DEoptim,4371,0
55,DFT_CRT,time_scaling,wide,DEoptim,4372,0
55,DFT_CRT,time_scaling,wide,DEoptim,4373,0
55,DFT_CRT,time_scaling,wide,DEoptim,4374,0
55,DFT_CRT,time_scaling,wide,DEoptim,4375,0
55,DFT_CRT,time_scaling,wide,DEoptim,4376,0
55,DFT_CRT,time_scaling,wide,DEoptim,4377,0
55,DFT_CRT,time_scaling,wide,DEoptim,4378,0
55,DFT_CRT,time_scaling,wide,DEoptim,4379,0
55,DFT_CRT,time_scaling,wide,DEoptim,4380,0
55,DFT_CRT,time_scaling,wide,DEoptim,4381,0
55,DFT_CRT,time_scaling,wide,DEoptim,4382,0
55,DFT_CRT,time_scaling,wide,DEoptim,4383,0
55,DFT_CRT,time_scaling,wide,DEoptim,4384,0
55,DFT_CRT,time_scaling,wide,DEoptim,4385,0
55,DFT_CRT,time_scaling,wide,DEoptim,4386,0
55,DFT_CRT,time_scaling,wide,DEoptim,4387,0
55,DFT_CRT,time_scaling,wide,DEoptim,4388,0
55,DFT_CRT,time_scaling,wide,DEoptim,4389,0
55,DFT_CRT,time_scaling,wide,DEoptim,4390,0
55,DFT_CRT,time_scaling,wide,DEoptim,4391,0
55,DFT_CRT,time_scaling,wide,DEoptim,4392,0
55,DFT_CRT,time_scaling,wide,DEoptim,4393,0
55,DFT_CRT,time_scaling,wide,DEoptim,4394,0
55,DFT_CRT,time_scaling,wide,DEoptim,4395,0
55,DFT_CRT,time_scaling,wide,DEoptim,4396,0
55,DFT_CRT,time_scaling,wide,DEoptim,4397,0
55,DFT_CRT,time_scaling,wide,DEoptim,4398,0
55,DFT_CRT,time_scaling,wide,DEoptim,4399,0
55,DFT_CRT,time_scaling,wide,DEoptim,4400,0
55,DFT_CRT,time_scaling,wide,DEoptim,4401,0
55,DFT_CRT,time_scaling,wide,DEoptim,4402,0
55,DFT_CRT,time_scaling,wide,DEoptim,4403,0
55,DFT_CRT,time_scaling,wide,DEoptim,4404,0
55,DFT_CRT,time_scaling,wide,DEoptim,4405,0
55,DFT_CRT,time_scaling,wide,DEoptim,4406,0
55,DFT_CRT,time_scaling,wide,DEoptim,4407,0
55,DFT_CRT,time_scaling,wide,DEoptim,4408,0
55,DFT_CRT,time_scaling,wide,DEoptim,4409,0
55,DFT_CRT,time_scaling,wide,DEoptim,4410,0
55,DFT_CRT,time_scaling,wide,DEoptim,4411,0
55,DFT_CRT,time_scaling,wide,DEoptim,4412,0
55,DFT_CRT,time_scaling,wide,DEoptim,4413,0
55,DFT_CRT,time_scaling,wide,DEoptim,4414,0
55,DFT_CRT,time_scaling,wide,DEoptim,4415,0
55,DFT_CRT,time_scaling,wide,DEoptim,4416,0
55,DFT_CRT,time_scaling,wide,DEoptim,4417,0
55,DFT_CRT,time_scaling,wide,DEoptim,4418,0
55,DFT_CRT,time_scaling,wide,DEoptim,4419,0
55,DFT_CRT,time_scaling,wide,DEoptim,4420,0
55,DFT_CRT,time_scaling,wide,DEoptim,4421,0
55,DFT_CRT,time_scaling,wide,DEoptim,4422,0
55,DFT_CRT,time_scaling,wide,DEoptim,4423,0
55,DFT_CRT,time_scaling,wide,DEoptim,4424,0
55,DFT_CRT,time_scaling,wide,DEoptim,4425,0
55,DFT_CRT,time_scaling,wide,DEoptim,4426,0
55,DFT_CRT,time_scaling,wide,DEoptim,4427,0
55,DFT_CRT,time_scaling,wide,DEoptim,4428,0
55,DFT_CRT,time_scaling,wide,DEoptim,4429,0
55,DFT_CRT,time_scaling,wide,DEoptim,4430,0
55,DFT_CRT,time_scaling,wide,DEoptim,4431,0
55,DFT_CRT,time_scaling,wide,DEoptim,4432,0
55,DFT_CRT,time_scaling,wide,DEoptim,4433,0
55,DFT_CRT,time_scaling,wide,DEoptim,4434,0
55,DFT_CRT,time_scaling,wide,DEoptim,4435,0
55,DFT_CRT,time_scaling,wide,DEoptim,4436,0
55,DFT_CRT,time_scaling,wide,DEoptim,4437,0
55,DFT_CRT,time_scaling,wide,DEoptim,4438,0
55,DFT_CRT,time_scaling,wide,DEoptim,4439,0
55,DFT_CRT,time_scaling,wide,DEoptim,4440,0
55,DFT_CRT,time_scaling,wide,DEoptim,4441,0
55,DFT_CRT,time_scaling,wide,DEoptim,4442,0
55,DFT_CRT,time_scaling,wide,DEoptim,4443,0
55,DFT_CRT,time_scaling,wide,DEoptim,4444,0
55,DFT_CRT,time_scaling,wide,DEoptim,4445,0
55,DFT_CRT,time_scaling,wide,DEoptim,4446,0
55,DFT_CRT,time_scaling,wide,DEoptim,4447,0
55,DFT_CRT,time_scaling,wide,DEoptim,4448,0
55,DFT_CRT,time_scaling,wide,DEoptim,4449,0
55,DFT_CRT,time_scaling,wide,DEoptim,4450,0
55,DFT_CRT,time_scaling,wide,DEoptim,4451,0
55,DFT_CRT,time_scaling,wide,DEoptim,4452,0
55,DFT_CRT,time_scaling,wide,DEoptim,4453,0
55,DFT_CRT,time_scaling,wide,DEoptim,4454,0
55,DFT_CRT,time_scaling,wide,DEoptim,4455,0
55,DFT_CRT,time_scaling,wide,DEoptim,4456,0
55,DFT_CRT,time_scaling,wide,DEoptim,4457,0
55,DFT_CRT,time_scaling,wide,DEoptim,4458,0
55,DFT_CRT,time_scaling,wide,DEoptim,4459,0
55,DFT_CRT,time_scaling,wide,DEoptim,4460,0
55,DFT_CRT,time_scaling,wide,DEoptim,4461,0
55,DFT_CRT,time_scaling,wide,DEoptim,4462,0
55,DFT_CRT,time_scaling,wide,DEoptim,4463,0
55,DFT_CRT,time_scaling,wide,DEoptim,4464,0
55,DFT_CRT,time_scaling,wide,DEoptim,4465,0
55,DFT_CRT,time_scaling,wide,DEoptim,4466,0
55,DFT_CRT,time_scaling,wide,DEoptim,4467,0
55,DFT_CRT,time_scaling,wide,DEoptim,4468,0
55,DFT_CRT,time_scaling,wide,DEoptim,4469,0
55,DFT_CRT,time_scaling,wide,DEoptim,4470,0
55,DFT_CRT,time_scaling,wide,DEoptim,4471,0
55,DFT_CRT,time_scaling,wide,DEoptim,4472,0
55,DFT_CRT,time_scaling,wide,DEoptim,4473,0
55,DFT_CRT,time_scaling,wide,DEoptim,4474,0
55,DFT_CRT,time_scaling,wide,DEoptim,4475,0
55,DFT_CRT,time_scaling,wide,DEoptim,4476,0
55,DFT_CRT,time_scaling,wide,DEoptim,4477,0
55,DFT_CRT,time_scaling,wide,DEoptim,4478,0
55,DFT_CRT,time_scaling,wide,DEoptim,4479,0
55,DFT_CRT,time_scaling,wide,DEoptim,4480,0
55,DFT_CRT,time_scaling,wide,DEoptim,4481,0
55,DFT_CRT,time_scaling,wide,DEoptim,4482,0
55,DFT_CRT,time_scaling,wide,DEoptim,4483,0
55,DFT_CRT,time_scaling,wide,DEoptim,4484,0
55,DFT_CRT,time_scaling,wide,DEoptim,4485,0
55,DFT_CRT,time_scaling,wide,DEoptim,4486,0
55,DFT_CRT,time_scaling,wide,DEoptim,4487,0
55,DFT_CRT,time_scaling,wide,DEoptim,4488,0
55,DFT_CRT,time_scaling,wide,DEoptim,4489,0
55,DFT_CRT,time_scaling,wide,DEoptim,4490,0
55,DFT_CRT,time_scaling,wide,DEoptim,4491,0
55,DFT_CRT,time_scaling,wide,DEoptim,4492,0
55,DFT_CRT,time_scaling,wide,DEoptim,4493,0
55,DFT_CRT,time_scaling,wide,DEoptim,4494,0
55,DFT_CRT,time_scaling,wide,DEoptim,4495,0
55,DFT_CRT,time_scaling,wide,DEoptim,4496,0
55,DFT_CRT,time_scaling,wide,DEoptim,4497,0
55,DFT_CRT,time_scaling,wide,DEoptim,4498,0
55,DFT_CRT,time_scaling,wide,DEoptim,4499,0
55,DFT_CRT,time_scaling,wide,DEoptim,4500,0
55,DFT_CRT,time_scaling,wide,DEoptim,4501,0
55,DFT_CRT,time_scaling,wide,DEoptim,4502,0
55,DFT_CRT,time_scaling,wide,DEoptim,4503,0
55,DFT_CRT,time_scaling,wide,DEoptim,4504,0
55,DFT_CRT,time_scaling,wide,DEoptim,4505,0
55,DFT_CRT,time_scaling,wide,DEoptim,4506,0
55,DFT_CRT,time_scaling,wide,DEoptim,4507,0
55,DFT_CRT,time_scaling,wide,DEoptim,4508,0
55,DFT_CRT,time_scaling,wide,DEoptim,4509,0
55,DFT_CRT,time_scaling,wide,DEoptim,4510,0
55,DFT_CRT,time_scaling,wide,DEoptim,4511,0
55,DFT_CRT,time_scaling,wide,DEoptim,4512,0
55,DFT_CRT,time_scaling,wide,DEoptim,4513,0
55,DFT_CRT,time_scaling,wide,DEoptim,4514,0
55,DFT_CRT,time_scaling,wide,DEoptim,4515,0
55,DFT_CRT,time_scaling,wide,DEoptim,4516,0
55,DFT_CRT,time_scaling,wide,DEoptim,4517,0
55,DFT_CRT,time_scaling,wide,DEoptim,4518,0
55,DFT_CRT,time_scaling,wide,DEoptim,4519,0
55,DFT_CRT,time_scaling,wide,DEoptim,4520,0
55,DFT_CRT,time_scaling,wide,DEoptim,4521,0
55,DFT_CRT,time_scaling,wide,DEoptim,4522,0
55,DFT_CRT,time_scaling,wide,DEoptim,4523,0
55,DFT_CRT,time_scaling,wide,DEoptim,4524,0
55,DFT_CRT,time_scaling,wide,DEoptim,4525,0
55,DFT_CRT,time_scaling,wide,DEoptim,4526,0
55,DFT_CRT,time_scaling,wide,DEoptim,4527,0
55,DFT_CRT,time_scaling,wide,DEoptim,4528,0
55,DFT_CRT,time_scaling,wide,DEoptim,4529,0
55,DFT_CRT,time_scaling,wide,DEoptim,4530,0
55,DFT_CRT,time_scaling,wide,DEoptim,4531,0
55,DFT_CRT,time_scaling,wide,DEoptim,4532,0
55,DFT_CRT,time_scaling,wide,DEoptim,4533,0
55,DFT_CRT,time_scaling,wide,DEoptim,4534,0
55,DFT_CRT,time_scaling,wide,DEoptim,4535,0
55,DFT_CRT,time_scaling,wide,DEoptim,4536,0
55,DFT_CRT,time_scaling,wide,DEoptim,4537,0
55,DFT_CRT,time_scaling,wide,DEoptim,4538,0
55,DFT_CRT,time_scaling,wide,DEoptim,4539,0
55,DFT_CRT,time_scaling,wide,DEoptim,4540,0
55,DFT_CRT,time_scaling,wide,DEoptim,4541,0
55,DFT_CRT,time_scaling,wide,DEoptim,4542,0
55,DFT_CRT,time_scaling,wide,DEoptim,4543,0
55,DFT_CRT,time_scaling,wide,DEoptim,4544,0
55,DFT_CRT,time_scaling,wide,DEoptim,4545,0
55,DFT_CRT,time_scaling,wide,DEoptim,4546,0
55,DFT_CRT,time_scaling,wide,DEoptim,4547,0
55,DFT_CRT,time_scaling,wide,DEoptim,4548,0
55,DFT_CRT,time_scaling,wide,DEoptim,4549,0
55,DFT_CRT,time_scaling,wide,DEoptim,4550,0
55,DFT_CRT,time_scaling,wide,DEoptim,4551,0
55,DFT_CRT,time_scaling,wide,DEoptim,4552,0
55,DFT_CRT,time_scaling,wide,DEoptim,4553,0
55,DFT_CRT,time_scaling,wide,DEoptim,4554,0
55,DFT_CRT,time_scaling,wide,DEoptim,4555,0
55,DFT_CRT,time_scaling,wide,DEoptim,4556,0
55,DFT_CRT,time_scaling,wide,DEoptim,4557,0
55,DFT_CRT,time_scaling,wide,DEoptim,4558,0
55,DFT_CRT,time_scaling,wide,DEoptim,4559,0
55,DFT_CRT,time_scaling,wide,DEoptim,4560,0
55,DFT_CRT,time_scaling,wide,DEoptim,4561,0
55,DFT_CRT,time_scaling,wide,DEoptim,4562,0
55,DFT_CRT,time_scaling,wide,DEoptim,4563,0
55,DFT_CRT,time_scaling,wide,DEoptim,4564,0
55,DFT_CRT,time_scaling,wide,DEoptim,4565,0
55,DFT_CRT,time_scaling,wide,DEoptim,4566,0
55,DFT_CRT,time_scaling,wide,DEoptim,4567,0
55,DFT_CRT,time_scaling,wide,DEoptim,4568,0
55,DFT_CRT,time_scaling,wide,DEoptim,4569,0
55,DFT_CRT,time_scaling,wide,DEoptim,4570,0
55,DFT_CRT,time_scaling,wide,DEoptim,4571,0
55,DFT_CRT,time_scaling,wide,DEoptim,4572,0
55,DFT_CRT,time_scaling,wide,DEoptim,4573,0
55,DFT_CRT,time_scaling,wide,DEoptim,4574,0
55,DFT_CRT,time_scaling,wide,DEoptim,4575,0
55,DFT_CRT,time_scaling,wide,DEoptim,4576,0
55,DFT_CRT,time_scaling,wide,DEoptim,4577,0
55,DFT_CRT,time_scaling,wide,DEoptim,4578,0
55,DFT_CRT,time_scaling,wide,DEoptim,4579,0
55,DFT_CRT,time_scaling,wide,DEoptim,4580,0
55,DFT_CRT,time_scaling,wide,DEoptim,4581,0
55,DFT_CRT,time_scaling,wide,DEoptim,4582,0
55,DFT_CRT,time_scaling,wide,DEoptim,4583,0
55,DFT_CRT,time_scaling,wide,DEoptim,4584,0
55,DFT_CRT,time_scaling,wide,DEoptim,4585,0
55,DFT_CRT,time_scaling,wide,DEoptim,4586,0
55,DFT_CRT,time_scaling,wide,DEoptim,4587,0
55,DFT_CRT,time_scaling,wide,DEoptim,4588,0
55,DFT_CRT,time_scaling,wide,DEoptim,4589,0
55,DFT_CRT,time_scaling,wide,DEoptim,4590,0
55,DFT_CRT,time_scaling,wide,DEoptim,4591,0
55,DFT_CRT,time_scaling,wide,DEoptim,4592,0
55,DFT_CRT,time_scaling,wide,DEoptim,4593,0
55,DFT_CRT,time_scaling,wide,DEoptim,4594,0
55,DFT_CRT,time_scaling,wide,DEoptim,4595,0
55,DFT_CRT,time_scaling,wide,DEoptim,4596,0
55,DFT_CRT,time_scaling,wide,DEoptim,4597,0
55,DFT_CRT,time_scaling,wide,DEoptim,4598,0
55,DFT_CRT,time_scaling,wide,DEoptim,4599,0
55,DFT_CRT,time_scaling,wide,DEoptim,4600,0
55,DFT_CRT,time_scaling,wide,DEoptim,4601,0
55,DFT_CRT,time_scaling,wide,DEoptim,4602,0
55,DFT_CRT,time_scaling,wide,DEoptim,4603,0
55,DFT_CRT,time_scaling,wide,DEoptim,4604,0
55,DFT_CRT,time_scaling,wide,DEoptim,4605,0
55,DFT_CRT,time_scaling,wide,DEoptim,4606,0
55,DFT_CRT,time_scaling,wide,DEoptim,4607,0
55,DFT_CRT,time_scaling,wide,DEoptim,4608,0
55,DFT_CRT,time_scaling,wide,DEoptim,4609,0
55,DFT_CRT,time_scaling,wide,DEoptim,4610,0
55,DFT_CRT,time_scaling,wide,DEoptim,4611,0
55,DFT_CRT,time_scaling,wide,DEoptim,4612,0
55,DFT_CRT,time_scaling,wide,DEoptim,4613,0
55,DFT_CRT,time_scaling,wide,DEoptim,4614,0
55,DFT_CRT,time_scaling,wide,DEoptim,4615,0
55,DFT_CRT,time_scaling,wide,DEoptim,4616,0
55,DFT_CRT,time_scaling,wide,DEoptim,4617,0
55,DFT_CRT,time_scaling,wide,DEoptim,4618,0
55,DFT_CRT,time_scaling,wide,DEoptim,4619,0
55,DFT_CRT,time_scaling,wide,DEoptim,4620,0
55,DFT_CRT,time_scaling,wide,DEoptim,4621,0
55,DFT_CRT,time_scaling,wide,DEoptim,4622,0
55,DFT_CRT,time_scaling,wide,DEoptim,4623,0
55,DFT_CRT,time_scaling,wide,DEoptim,4624,0
55,DFT_CRT,time_scaling,wide,DEoptim,4625,0
55,DFT_CRT,time_scaling,wide,DEoptim,4626,0
55,DFT_CRT,time_scaling,wide,DEoptim,4627,0
55,DFT_CRT,time_scaling,wide,DEoptim,4628,0
55,DFT_CRT,time_scaling,wide,DEoptim,4629,0
55,DFT_CRT,time_scaling,wide,DEoptim,4630,0
55,DFT_CRT,time_scaling,wide,DEoptim,4631,0
55,DFT_CRT,time_scaling,wide,DEoptim,4632,0
55,DFT_CRT,time_scaling,wide,DEoptim,4633,0
55,DFT_CRT,time_scaling,wide,DEoptim,4634,0
55,DFT_CRT,time_scaling,wide,DEoptim,4635,0
55,DFT_CRT,time_scaling,wide,DEoptim,4636,0
55,DFT_CRT,time_scaling,wide,DEoptim,4637,0
55,DFT_CRT,time_scaling,wide,DEoptim,4638,0
55,DFT_CRT,time_scaling,wide,DEoptim,4639,0
55,DFT_CRT,time_scaling,wide,DEoptim,4640,0
55,DFT_CRT,time_scaling,wide,DEoptim,4641,0
55,DFT_CRT,time_scaling,wide,DEoptim,4642,0
55,DFT_CRT,time_scaling,wide,DEoptim,4643,0
55,DFT_CRT,time_scaling,wide,DEoptim,4644,0
55,DFT_CRT,time_scaling,wide,DEoptim,4645,0
55,DFT_CRT,time_scaling,wide,DEoptim,4646,0
55,DFT_CRT,time_scaling,wide,DEoptim,4647,0
55,DFT_CRT,time_scaling,wide,DEoptim,4648,0
55,DFT_CRT,time_scaling,wide,DEoptim,4649,0
55,DFT_CRT,time_scaling,wide,DEoptim,4650,0
55,DFT_CRT,time_scaling,wide,DEoptim,4651,0
55,DFT_CRT,time_scaling,wide,DEoptim,4652,0
55,DFT_CRT,time_scaling,wide,DEoptim,4653,0
55,DFT_CRT,time_scaling,wide,DEoptim,4654,0
55,DFT_CRT,time_scaling,wide,DEoptim,4655,0
55,DFT_CRT,time_scaling,wide,DEoptim,4656,0
55,DFT_CRT,time_scaling,wide,DEoptim,4657,0
55,DFT_CRT,time_scaling,wide,DEoptim,4658,0
55,DFT_CRT,time_scaling,wide,DEoptim,4659,0
55,DFT_CRT,time_scaling,wide,DEoptim,4660,0
55,DFT_CRT,time_scaling,wide,DEoptim,4661,0
55,DFT_CRT,time_scaling,wide,DEoptim,4662,0
55,DFT_CRT,time_scaling,wide,DEoptim,4663,0
55,DFT_CRT,time_scaling,wide,DEoptim,4664,0
55,DFT_CRT,time_scaling,wide,DEoptim,4665,0
55,DFT_CRT,time_scaling,wide,DEoptim,4666,0
55,DFT_CRT,time_scaling,wide,DEoptim,4667,0
55,DFT_CRT,time_scaling,wide,DEoptim,4668,0
55,DFT_CRT,time_scaling,wide,DEoptim,4669,0
55,DFT_CRT,time_scaling,wide,DEoptim,4670,0
55,DFT_CRT,time_scaling,wide,DEoptim,4671,0
55,DFT_CRT,time_scaling,wide,DEoptim,4672,0
55,DFT_CRT,time_scaling,wide,DEoptim,4673,0
55,DFT_CRT,time_scaling,wide,DEoptim,4674,0
55,DFT_CRT,time_scaling,wide,DEoptim,4675,0
55,DFT_CRT,time_scaling,wide,DEoptim,4676,0
55,DFT_CRT,time_scaling,wide,DEoptim,4677,0
55,DFT_CRT,time_scaling,wide,DEoptim,4678,0
55,DFT_CRT,time_scaling,wide,DEoptim,4679,0
55,DFT_CRT,time_scaling,wide,DEoptim,4680,0
55,DFT_CRT,time_scaling,wide,DEoptim,4681,0
55,DFT_CRT,time_scaling,wide,DEoptim,4682,0
55,DFT_CRT,time_scaling,wide,DEoptim,4683,0
55,DFT_CRT,time_scaling,wide,DEoptim,4684,0
55,DFT_CRT,time_scaling,wide,DEoptim,4685,0
55,DFT_CRT,time_scaling,wide,DEoptim,4686,0
55,DFT_CRT,time_scaling,wide,DEoptim,4687,0
55,DFT_CRT,time_scaling,wide,DEoptim,4688,0
55,DFT_CRT,time_scaling,wide,DEoptim,4689,0
55,DFT_CRT,time_scaling,wide,DEoptim,4690,0
55,DFT_CRT,time_scaling,wide,DEoptim,4691,0
55,DFT_CRT,time_scaling,wide,DEoptim,4692,0
55,DFT_CRT,time_scaling,wide,DEoptim,4693,0
55,DFT_CRT,time_scaling,wide,DEoptim,4694,0
55,DFT_CRT,time_scaling,wide,DEoptim,4695,0
55,DFT_CRT,time_scaling,wide,DEoptim,4696,0
55,DFT_CRT,time_scaling,wide,DEoptim,4697,0
55,DFT_CRT,time_scaling,wide,DEoptim,4698,0
55,DFT_CRT,time_scaling,wide,DEoptim,4699,0
55,DFT_CRT,time_scaling,wide,DEoptim,4700,0
55,DFT_CRT,time_scaling,wide,DEoptim,4701,0
55,DFT_CRT,time_scaling,wide,DEoptim,4702,0
55,DFT_CRT,time_scaling,wide,DEoptim,4703,0
55,DFT_CRT,time_scaling,wide,DEoptim,4704,0
55,DFT_CRT,time_scaling,wide,DEoptim,4705,0
55,DFT_CRT,time_scaling,wide,DEoptim,4706,0
55,DFT_CRT,time_scaling,wide,DEoptim,4707,0
55,DFT_CRT,time_scaling,wide,DEoptim,4708,0
55,DFT_CRT,time_scaling,wide,DEoptim,4709,0
55,DFT_CRT,time_scaling,wide,DEoptim,4710,0
55,DFT_CRT,time_scaling,wide,DEoptim,4711,0
55,DFT_CRT,time_scaling,wide,DEoptim,4712,0
55,DFT_CRT,time_scaling,wide,DEoptim,4713,0
55,DFT_CRT,time_scaling,wide,DEoptim,4714,0
55,DFT_CRT,time_scaling,wide,DEoptim,4715,0
55,DFT_CRT,time_scaling,wide,DEoptim,4716,0
55,DFT_CRT,time_scaling,wide,DEoptim,4717,0
55,DFT_CRT,time_scaling,wide,DEoptim,4718,0
55,DFT_CRT,time_scaling,wide,DEoptim,4719,0
55,DFT_CRT,time_scaling,wide,DEoptim,4720,0
55,DFT_CRT,time_scaling,wide,DEoptim,4721,0
55,DFT_CRT,time_scaling,wide,DEoptim,4722,0
55,DFT_CRT,time_scaling,wide,DEoptim,4723,0
55,DFT_CRT,time_scaling,wide,DEoptim,4724,0
55,DFT_CRT,time_scaling,wide,DEoptim,4725,0
55,DFT_CRT,time_scaling,wide,DEoptim,4726,0
55,DFT_CRT,time_scaling,wide,DEoptim,4727,0
55,DFT_CRT,time_scaling,wide,DEoptim,4728,0
55,DFT_CRT,time_scaling,wide,DEoptim,4729,0
55,DFT_CRT,time_scaling,wide,DEoptim,4730,0
55,DFT_CRT,time_scaling,wide,DEoptim,4731,0
55,DFT_CRT,time_scaling,wide,DEoptim,4732,0
55,DFT_CRT,time_scaling,wide,DEoptim,4733,0
55,DFT_CRT,time_scaling,wide,DEoptim,4734,0
55,DFT_CRT,time_scaling,wide,DEoptim,4735,0
55,DFT_CRT,time_scaling,wide,DEoptim,4736,0
55,DFT_CRT,time_scaling,wide,DEoptim,4737,0
55,DFT_CRT,time_scaling,wide,DEoptim,4738,0
55,DFT_CRT,time_scaling,wide,DEoptim,4739,0
55,DFT_CRT,time_scaling,wide,DEoptim,4740,0
55,DFT_CRT,time_scaling,wide,DEoptim,4741,0
55,DFT_CRT,time_scaling,wide,DEoptim,4742,0
55,DFT_CRT,time_scaling,wide,DEoptim,4743,0
55,DFT_CRT,time_scaling,wide,DEoptim,4744,0
55,DFT_CRT,time_scaling,wide,DEoptim,4745,0
55,DFT_CRT,time_scaling,wide,DEoptim,4746,0
55,DFT_CRT,time_scaling,wide,DEoptim,4747,0
55,DFT_CRT,time_scaling,wide,DEoptim,4748,0
55,DFT_CRT,time_scaling,wide,DEoptim,4749,0
55,DFT_CRT,time_scaling,wide,DEoptim,4750,0
55,DFT_CRT,time_scaling,wide,DEoptim,4751,0
55,DFT_CRT,time_scaling,wide,DEoptim,4752,0
55,DFT_CRT,time_scaling,wide,DEoptim,4753,0
55,DFT_CRT,time_scaling,wide,DEoptim,4754,0
55,DFT_CRT,time_scaling,wide,DEoptim,4755,0
55,DFT_CRT,time_scaling,wide,DEoptim,4756,0
55,DFT_CRT,time_scaling,wide,DEoptim,4757,0
55,DFT_CRT,time_scaling,wide,DEoptim,4758,0
55,DFT_CRT,time_scaling,wide,DEoptim,4759,0
55,DFT_CRT,time_scaling,wide,DEoptim,4760,0
55,DFT_CRT,time_scaling,wide,DEoptim,4761,0
55,DFT_CRT,time_scaling,wide,DEoptim,4762,0
55,DFT_CRT,time_scaling,wide,DEoptim,4763,0
55,DFT_CRT,time_scaling,wide,DEoptim,4764,0
55,DFT_CRT,time_scaling,wide,DEoptim,4765,0
55,DFT_CRT,time_scaling,wide,DEoptim,4766,0
55,DFT_CRT,time_scaling,wide,DEoptim,4767,0
55,DFT_CRT,time_scaling,wide,DEoptim,4768,0
55,DFT_CRT,time_scaling,wide,DEoptim,4769,0
55,DFT_CRT,time_scaling,wide,DEoptim,4770,0
55,DFT_CRT,time_scaling,wide,DEoptim,4771,0
55,DFT_CRT,time_scaling,wide,DEoptim,4772,0
55,DFT_CRT,time_scaling,wide,DEoptim,4773,0
55,DFT_CRT,time_scaling,wide,DEoptim,4774,0
55,DFT_CRT,time_scaling,wide,DEoptim,4775,0
55,DFT_CRT,time_scaling,wide,DEoptim,4776,0
55,DFT_CRT,time_scaling,wide,DEoptim,4777,0
55,DFT_CRT,time_scaling,wide,DEoptim,4778,0
55,DFT_CRT,time_scaling,wide,DEoptim,4779,0
55,DFT_CRT,time_scaling,wide,DEoptim,4780,0
55,DFT_CRT,time_scaling,wide,DEoptim,4781,0
55,DFT_CRT,time_scaling,wide,DEoptim,4782,0
55,DFT_CRT,time_scaling,wide,DEoptim,4783,0
55,DFT_CRT,time_scaling,wide,DEoptim,4784,0
55,DFT_CRT,time_scaling,wide,DEoptim,4785,0
55,DFT_CRT,time_scaling,wide,DEoptim,4786,0
55,DFT_CRT,time_scaling,wide,DEoptim,4787,0
55,DFT_CRT,time_scaling,wide,DEoptim,4788,0
55,DFT_CRT,time_scaling,wide,DEoptim,4789,0
55,DFT_CRT,time_scaling,wide,DEoptim,4790,0
55,DFT_CRT,time_scaling,wide,DEoptim,4791,0
55,DFT_CRT,time_scaling,wide,DEoptim,4792,0
55,DFT_CRT,time_scaling,wide,DEoptim,4793,0
55,DFT_CRT,time_scaling,wide,DEoptim,4794,0
55,DFT_CRT,time_scaling,wide,DEoptim,4795,0
55,DFT_CRT,time_scaling,wide,DEoptim,4796,0
55,DFT_CRT,time_scaling,wide,DEoptim,4797,0
55,DFT_CRT,time_scaling,wide,DEoptim,4798,0
55,DFT_CRT,time_scaling,wide,DEoptim,4799,0
55,DFT_CRT,time_scaling,wide,DEoptim,4800,0
55,DFT_CRT,time_scaling,wide,DEoptim,4801,0
55,DFT_CRT,time_scaling,wide,DEoptim,4802,0
55,DFT_CRT,time_scaling,wide,DEoptim,4803,0
55,DFT_CRT,time_scaling,wide,DEoptim,4804,0
55,DFT_CRT,time_scaling,wide,DEoptim,4805,0
55,DFT_CRT,time_scaling,wide,DEoptim,4806,0
55,DFT_CRT,time_scaling,wide,DEoptim,4807,0
55,DFT_CRT,time_scaling,wide,DEoptim,4808,0
55,DFT_CRT,time_scaling,wide,DEoptim,4809,0
55,DFT_CRT,time_scaling,wide,DEoptim,4810,0
55,DFT_CRT,time_scaling,wide,DEoptim,4811,0
55,DFT_CRT,time_scaling,wide,DEoptim,4812,0
55,DFT_CRT,time_scaling,wide,DEoptim,4813,0
55,DFT_CRT,time_scaling,wide,DEoptim,4814,0
55,DFT_CRT,time_scaling,wide,DEoptim,4815,0
55,DFT_CRT,time_scaling,wide,DEoptim,4816,0
55,DFT_CRT,time_scaling,wide,DEoptim,4817,0
55,DFT_CRT,time_scaling,wide,DEoptim,4818,0
55,DFT_CRT,time_scaling,wide,DEoptim,4819,0
55,DFT_CRT,time_scaling,wide,DEoptim,4820,0
55,DFT_CRT,time_scaling,wide,DEoptim,4821,0
55,DFT_CRT,time_scaling,wide,DEoptim,4822,0
55,DFT_CRT,time_scaling,wide,DEoptim,4823,0
55,DFT_CRT,time_scaling,wide,DEoptim,4824,0
55,DFT_CRT,time_scaling,wide,DEoptim,4825,0
55,DFT_CRT,time_scaling,wide,DEoptim,4826,0
55,DFT_CRT,time_scaling,wide,DEoptim,4827,0
55,DFT_CRT,time_scaling,wide,DEoptim,4828,0
55,DFT_CRT,time_scaling,wide,DEoptim,4829,0
55,DFT_CRT,time_scaling,wide,DEoptim,4830,0
55,DFT_CRT,time_scaling,wide,DEoptim,4831,0
55,DFT_CRT,time_scaling,wide,DEoptim,4832,0
55,DFT_CRT,time_scaling,wide,DEoptim,4833,0
55,DFT_CRT,time_scaling,wide,DEoptim,4834,0
55,DFT_CRT,time_scaling,wide,DEoptim,4835,0
55,DFT_CRT,time_scaling,wide,DEoptim,4836,0
55,DFT_CRT,time_scaling,wide,DEoptim,4837,0
55,DFT_CRT,time_scaling,wide,DEoptim,4838,0
55,DFT_CRT,time_scaling,wide,DEoptim,4839,0
55,DFT_CRT,time_scaling,wide,DEoptim,4840,0
55,DFT_CRT,time_scaling,wide,DEoptim,4841,0
55,DFT_CRT,time_scaling,wide,DEoptim,4842,0
55,DFT_CRT,time_scaling,wide,DEoptim,4843,0
55,DFT_CRT,time_scaling,wide,DEoptim,4844,0
55,DFT_CRT,time_scaling,wide,DEoptim,4845,0
55,DFT_CRT,time_scaling,wide,DEoptim,4846,0
55,DFT_CRT,time_scaling,wide,DEoptim,4847,0
55,DFT_CRT,time_scaling,wide,DEoptim,4848,0
55,DFT_CRT,time_scaling,wide,DEoptim,4849,0
55,DFT_CRT,time_scaling,wide,DEoptim,4850,0
55,DFT_CRT,time_scaling,wide,DEoptim,4851,0
55,DFT_CRT,time_scaling,wide,DEoptim,4852,0
55,DFT_CRT,time_scaling,wide,DEoptim,4853,0
55,DFT_CRT,time_scaling,wide,DEoptim,4854,0
55,DFT_CRT,time_scaling,wide,DEoptim,4855,0
55,DFT_CRT,time_scaling,wide,DEoptim,4856,0
55,DFT_CRT,time_scaling,wide,DEoptim,4857,0
55,DFT_CRT,time_scaling,wide,DEoptim,4858,0
55,DFT_CRT,time_scaling,wide,DEoptim,4859,0
55,DFT_CRT,time_scaling,wide,DEoptim,4860,0
55,DFT_CRT,time_scaling,wide,DEoptim,4861,0
55,DFT_CRT,time_scaling,wide,DEoptim,4862,0
55,DFT_CRT,time_scaling,wide,DEoptim,4863,0
55,DFT_CRT,time_scaling,wide,DEoptim,4864,0
55,DFT_CRT,time_scaling,wide,DEoptim,4865,0
55,DFT_CRT,time_scaling,wide,DEoptim,4866,0
55,DFT_CRT,time_scaling,wide,DEoptim,4867,0
55,DFT_CRT,time_scaling,wide,DEoptim,4868,0
55,DFT_CRT,time_scaling,wide,DEoptim,4869,0
55,DFT_CRT,time_scaling,wide,DEoptim,4870,0
55,DFT_CRT,time_scaling,wide,DEoptim,4871,0
55,DFT_CRT,time_scaling,wide,DEoptim,4872,0
55,DFT_CRT,time_scaling,wide,DEoptim,4873,0
55,DFT_CRT,time_scaling,wide,DEoptim,4874,0
55,DFT_CRT,time_scaling,wide,DEoptim,4875,0
55,DFT_CRT,time_scaling,wide,DEoptim,4876,0
55,DFT_CRT,time_scaling,wide,DEoptim,4877,0
55,DFT_CRT,time_scaling,wide,DEoptim,4878,0
55,DFT_CRT,time_scaling,wide,DEoptim,4879,0
55,DFT_CRT,time_scaling,wide,DEoptim,4880,0
55,DFT_CRT,time_scaling,wide,DEoptim,4881,0
55,DFT_CRT,time_scaling,wide,DEoptim,4882,0
55,DFT_CRT,time_scaling,wide,DEoptim,4883,0
55,DFT_CRT,time_scaling,wide,DEoptim,4884,0
55,DFT_CRT,time_scaling,wide,DEoptim,4885,0
55,DFT_CRT,time_scaling,wide,DEoptim,4886,0
55,DFT_CRT,time_scaling,wide,DEoptim,4887,0
55,DFT_CRT,time_scaling,wide,DEoptim,4888,0
55,DFT_CRT,time_scaling,wide,DEoptim,4889,0
55,DFT_CRT,time_scaling,wide,DEoptim,4890,0
55,DFT_CRT,time_scaling,wide,DEoptim,4891,0
55,DFT_CRT,time_scaling,wide,DEoptim,4892,0
55,DFT_CRT,time_scaling,wide,DEoptim,4893,0
55,DFT_CRT,time_scaling,wide,DEoptim,4894,0
55,DFT_CRT,time_scaling,wide,DEoptim,4895,0
55,DFT_CRT,time_scaling,wide,DEoptim,4896,0
55,DFT_CRT,time_scaling,wide,DEoptim,4897,0
55,DFT_CRT,time_scaling,wide,DEoptim,4898,0
55,DFT_CRT,time_scaling,wide,DEoptim,4899,0
55,DFT_CRT,time_scaling,wide,DEoptim,4900,0
55,DFT_CRT,time_scaling,wide,DEoptim,4901,0
55,DFT_CRT,time_scaling,wide,DEoptim,4902,0
55,DFT_CRT,time_scaling,wide,DEoptim,4903,0
55,DFT_CRT,time_scaling,wide,DEoptim,4904,0
55,DFT_CRT,time_scaling,wide,DEoptim,4905,0
55,DFT_CRT,time_scaling,wide,DEoptim,4906,0
55,DFT_CRT,time_scaling,wide,DEoptim,4907,0
55,DFT_CRT,time_scaling,wide,DEoptim,4908,0
55,DFT_CRT,time_scaling,wide,DEoptim,4909,0
55,DFT_CRT,time_scaling,wide,DEoptim,4910,0
55,DFT_CRT,time_scaling,wide,DEoptim,4911,0
55,DFT_CRT,time_scaling,wide,DEoptim,4912,0
55,DFT_CRT,time_scaling,wide,DEoptim,4913,0
55,DFT_CRT,time_scaling,wide,DEoptim,4914,0
55,DFT_CRT,time_scaling,wide,DEoptim,4915,0
55,DFT_CRT,time_scaling,wide,DEoptim,4916,0
55,DFT_CRT,time_scaling,wide,DEoptim,4917,0
55,DFT_CRT,time_scaling,wide,DEoptim,4918,0
55,DFT_CRT,time_scaling,wide,DEoptim,4919,0
55,DFT_CRT,time_scaling,wide,DEoptim,4920,0
55,DFT_CRT,time_scaling,wide,DEoptim,4921,0
55,DFT_CRT,time_scaling,wide,DEoptim,4922,0
55,DFT_CRT,time_scaling,wide,DEoptim,4923,0
55,DFT_CRT,time_scaling,wide,DEoptim,4924,0
55,DFT_CRT,time_scaling,wide,DEoptim,4925,0
55,DFT_CRT,time_scaling,wide,DEoptim,4926,0
55,DFT_CRT,time_scaling,wide,DEoptim,4927,0
55,DFT_CRT,time_scaling,wide,DEoptim,4928,0
55,DFT_CRT,time_scaling,wide,DEoptim,4929,0
55,DFT_CRT,time_scaling,wide,DEoptim,4930,0
55,DFT_CRT,time_scaling,wide,DEoptim,4931,0
55,DFT_CRT,time_scaling,wide,DEoptim,4932,0
55,DFT_CRT,time_scaling,wide,DEoptim,4933,0
55,DFT_CRT,time_scaling,wide,DEoptim,4934,0
55,DFT_CRT,time_scaling,wide,DEoptim,4935,0
55,DFT_CRT,time_scaling,wide,DEoptim,4936,0
55,DFT_CRT,time_scaling,wide,DEoptim,4937,0
55,DFT_CRT,time_scaling,wide,DEoptim,4938,0
55,DFT_CRT,time_scaling,wide,DEoptim,4939,0
55,DFT_CRT,time_scaling,wide,DEoptim,4940,0
55,DFT_CRT,time_scaling,wide,DEoptim,4941,0
55,DFT_CRT,time_scaling,wide,DEoptim,4942,0
55,DFT_CRT,time_scaling,wide,DEoptim,4943,0
55,DFT_CRT,time_scaling,wide,DEoptim,4944,0
55,DFT_CRT,time_scaling,wide,DEoptim,4945,0
55,DFT_CRT,time_scaling,wide,DEoptim,4946,0
55,DFT_CRT,time_scaling,wide,DEoptim,4947,0
55,DFT_CRT,time_scaling,wide,DEoptim,4948,0
55,DFT_CRT,time_scaling,wide,DEoptim,4949,0
55,DFT_CRT,time_scaling,wide,DEoptim,4950,0
55,DFT_CRT,time_scaling,wide,DEoptim,4951,0
55,DFT_CRT,time_scaling,wide,DEoptim,4952,0
55,DFT_CRT,time_scaling,wide,DEoptim,4953,0
55,DFT_CRT,time_scaling,wide,DEoptim,4954,0
55,DFT_CRT,time_scaling,wide,DEoptim,4955,0
55,DFT_CRT,time_scaling,wide,DEoptim,4956,0
55,DFT_CRT,time_scaling,wide,DEoptim,4957,0
55,DFT_CRT,time_scaling,wide,DEoptim,4958,0
55,DFT_CRT,time_scaling,wide,DEoptim,4959,0
55,DFT_CRT,time_scaling,wide,DEoptim,4960,0
55,DFT_CRT,time_scaling,wide,DEoptim,4961,0
55,DFT_CRT,time_scaling,wide,DEoptim,4962,0
55,DFT_CRT,time_scaling,wide,DEoptim,4963,0
55,DFT_CRT,time_scaling,wide,DEoptim,4964,0
55,DFT_CRT,time_scaling,wide,DEoptim,4965,0
55,DFT_CRT,time_scaling,wide,DEoptim,4966,0
55,DFT_CRT,time_scaling,wide,DEoptim,4967,0
55,DFT_CRT,time_scaling,wide,DEoptim,4968,0
55,DFT_CRT,time_scaling,wide,DEoptim,4969,0
55,DFT_CRT,time_scaling,wide,DEoptim,4970,0
55,DFT_CRT,time_scaling,wide,DEoptim,4971,0
55,DFT_CRT,time_scaling,wide,DEoptim,4972,0
55,DFT_CRT,time_scaling,wide,DEoptim,4973,0
55,DFT_CRT,time_scaling,wide,DEoptim,4974,0
55,DFT_CRT,time_scaling,wide,DEoptim,4975,0
55,DFT_CRT,time_scaling,wide,DEoptim,4976,0
55,DFT_CRT,time_scaling,wide,DEoptim,4977,0
55,DFT_CRT,time_scaling,wide,DEoptim,4978,0
55,DFT_CRT,time_scaling,wide,DEoptim,4979,0
55,DFT_CRT,time_scaling,wide,DEoptim,4980,0
55,DFT_CRT,time_scaling,wide,DEoptim,4981,0
55,DFT_CRT,time_scaling,wide,DEoptim,4982,0
55,DFT_CRT,time_scaling,wide,DEoptim,4983,0
55,DFT_CRT,time_scaling,wide,DEoptim,4984,0
55,DFT_CRT,time_scaling,wide,DEoptim,4985,0
55,DFT_CRT,time_scaling,wide,DEoptim,4986,0
55,DFT_CRT,time_scaling,wide,DEoptim,4987,0
55,DFT_CRT,time_scaling,wide,DEoptim,4988,0
55,DFT_CRT,time_scaling,wide,DEoptim,4989,0
55,DFT_CRT,time_scaling,wide,DEoptim,4990,0
55,DFT_CRT,time_scaling,wide,DEoptim,4991,0
55,DFT_CRT,time_scaling,wide,DEoptim,4992,0
55,DFT_CRT,time_scaling,wide,DEoptim,4993,0
55,DFT_CRT,time_scaling,wide,DEoptim,4994,0
55,DFT_CRT,time_scaling,wide,DEoptim,4995,0
55,DFT_CRT,time_scaling,wide,DEoptim,4996,0
55,DFT_CRT,time_scaling,wide,DEoptim,4997,0
55,DFT_CRT,time_scaling,wide,DEoptim,4998,0
55,DFT_CRT,time_scaling,wide,DEoptim,4999,0
55,DFT_CRT,time_scaling,wide,DEoptim,5000,0
